#OT    #Max_Thr_Count   #minimal_intersection    #union_covers?
0		120		1		1
1		94		-130		0
2		66		-129		0
3		60		-130		0
4		60		-130		0
5		52		-134		0
6		40		-135		0
7		35		-134		0
8		49		-135		1
9		44		-129		0
10		32		-133		0
11		30		-133		0
12		38		-135		1
13		30		-133		0
14		32		-133		0
15		32		-133		0
16		73		-132		0
17		51		-130		0
18		26		-133		0
19		26		-133		0
20		26		-133		0
21		26		-133		0
22		26		-133		0
23		28		-135		0
24		26		-133		0
25		26		-133		0
26		26		-133		0
27		26		-133		0
28		31		-133		0
29		27		-132		0
30		26		-133		0
31		26		-133		0
32		26		-133		0
33		49		-132		0
34		36		-134		0
35		31		-131		0
36		25		-131		0
37		21		-131		0
38		40		-134		0
39		25		-129		0
40		21		-130		0
41		15		-130		0
42		28		-130		0
43		25		-129		0
44		25		-129		0
45		15		-130		0
46		24		-131		0
47		18		-133		0
48		16		-133		0
49		15		-130		0
50		15		-130		0
51		15		-130		0
52		39		-135		1
53		34		-134		0
54		33		-134		1
55		25		-134		0
56		23		-131		0
57		30		-135		0
58		19		-133		0
59		17		-134		0
60		21		-131		0
61		17		-134		0
62		17		-134		0
63		22		-131		0
64		20		-135		0
65		21		-131		0
66		17		-134		0
67		17		-134		0
68		17		-134		0
69		25		-134		0
70		20		-132		0
71		17		-134		0
72		11		-130		0
73		15		-132		0
74		11		-130		0
75		11		-130		0
76		11		-130		0
77		11		-130		0
78		27		-132		0
79		24		-130		0
80		15		-132		0
81		21		-130		0
82		15		-132		0
83		15		-132		0
84		17		-134		0
85		11		-130		0
86		11		-130		0
87		20		-132		0
88		20		-132		0
89		15		-132		0
90		15		-132		0
91		11		-130		0
92		11		-130		0
93		21		-133		0
94		37		-135		0
95		21		-133		0
96		19		-133		0
97		20		-133		0
98		22		-133		0
99		22		-133		0
100		19		-133		0
101		19		-133		0
102		19		-133		0
103		19		-133		0
104		19		-133		0
105		12		-129		0
106		11		-133		0
107		9		-134		0
108		11		-133		0
109		8		-129		0
110		8		-134		0
111		18		-132		0
112		18		-135		0
113		14		-132		0
114		18		-135		0
115		18		-135		0
116		14		-132		0
117		14		-132		0
118		12		-129		0
119		12		-129		0
120		10		-134		0
121		10		-134		0
122		9		-134		0
123		9		-134		0
124		9		-134		0
125		9		-134		0
126		15		-129		0
127		14		-131		0
128		9		-134		0
129		13		-135		0
130		8		-134		0
131		12		-129		0
132		12		-129		0
133		10		-134		0
134		10		-134		0
135		9		-134		0
136		9		-134		0
137		16		-132		0
138		17		-134		0
139		14		-132		0
140		14		-132		0
141		14		-132		0
142		10		-134		0
143		16		-129		0
144		8		-134		0
145		8		-134		0
146		14		-132		0
147		14		-132		0
148		10		-134		0
149		10		-134		0
150		9		-134		0
151		9		-134		0
152		18		-129		0
153		10		-134		0
154		16		-129		0
155		8		-134		0
156		12		-129		0
157		12		-129		0
158		10		-134		0
159		10		-134		0
160		10		-134		0
161		12		-129		0
162		12		-132		0
163		9		-134		0
164		9		-134		0
165		9		-134		0
166		11		-132		0
167		13		-129		0
168		9		-134		0
169		9		-134		0
170		9		-134		0
171		9		-134		0
172		12		-129		0
173		13		-135		0
174		10		-134		0
175		10		-134		0
176		10		-134		0
177		10		-134		0
178		10		-134		0
179		10		-134		0
180		12		-129		0
181		12		-129		0
182		12		-129		0
183		12		-129		0
184		68		-132		0
185		47		-133		0
186		43		-130		0
187		43		-130		0
188		43		-130		0
189		35		-134		0
190		27		-130		0
191		24		-129		0
192		33		-134		0
193		21		-131		0
194		21		-131		0
195		21		-131		0
196		21		-131		0
197		21		-131		0
198		40		-134		0
199		28		-131		0
200		19		-132		0
201		16		-131		0
202		13		-129		0
203		10		-129		0
204		17		-134		0
205		12		-129		0
206		12		-129		0
207		6		-129		0
208		6		-129		0
209		6		-129		0
210		6		-129		0
211		6		-129		0
212		6		-129		0
213		6		-129		0
214		30		-135		0
215		17		-134		0
216		17		-134		0
217		17		-134		0
218		17		-134		0
219		6		-129		0
220		6		-129		0
221		6		-129		0
222		6		-129		0
223		6		-129		0
224		6		-129		0
225		6		-129		0
226		6		-129		0
227		6		-129		0
228		6		-129		0
229		6		-129		0
230		6		-129		0
231		6		-129		0
232		6		-129		0
233		6		-129		0
234		6		-129		0
235		6		-129		0
236		12		-129		0
237		7		-135		0
238		8		-135		0
239		6		-129		0
240		6		-129		0
241		6		-129		0
242		6		-129		0
243		6		-129		0
244		6		-129		0
245		6		-129		0
246		6		-129		0
247		6		-129		0
248		6		-129		0
249		6		-129		0
250		6		-129		0
251		6		-129		0
252		6		-129		0
253		10		-135		0
254		6		-129		0
255		7		-135		0
256		6		-129		0
257		6		-129		0
258		6		-129		0
259		6		-129		0
260		6		-129		0
261		6		-129		0
262		6		-129		0
263		6		-129		0
264		6		-129		0
265		6		-129		0
266		6		-129		0
267		6		-129		0
268		36		-134		0
269		30		-135		0
270		30		-135		0
271		23		-130		0
272		17		-134		0
273		17		-134		0
274		12		-131		0
275		6		-129		0
276		6		-129		0
277		8		-135		0
278		8		-135		0
279		8		-135		0
280		8		-135		0
281		8		-135		0
282		17		-134		0
283		17		-134		0
284		6		-129		0
285		6		-129		0
286		6		-129		0
287		6		-129		0
288		6		-129		0
289		6		-129		0
290		6		-129		0
291		6		-129		0
292		6		-129		0
293		6		-129		0
294		6		-129		0
295		6		-129		0
296		9		-135		0
297		9		-135		0
298		6		-129		0
299		6		-129		0
300		6		-129		0
301		6		-129		0
302		6		-129		0
303		6		-129		0
304		6		-129		0
305		6		-129		0
306		6		-129		0
307		6		-129		0
308		6		-129		0
309		6		-129		0
310		8		-135		0
311		10		-135		0
312		6		-129		0
313		7		-135		0
314		6		-129		0
315		7		-135		0
316		6		-129		0
317		6		-129		0
318		6		-129		0
319		6		-129		0
320		6		-129		0
321		6		-129		0
322		6		-129		0
323		6		-129		0
324		6		-129		0
325		8		-135		0
326		7		-135		0
327		11		-130		0
328		8		-135		0
329		11		-130		0
330		11		-130		0
331		11		-131		0
332		6		-129		0
333		6		-129		0
334		6		-129		0
335		7		-135		0
336		6		-129		0
337		6		-129		0
338		6		-129		0
339		7		-135		0
340		7		-135		0
341		6		-129		0
342		6		-129		0
343		9		-135		0
344		7		-135		0
345		9		-135		0
346		6		-129		0
347		6		-129		0
348		6		-129		0
349		6		-129		0
350		6		-129		0
351		6		-129		0
352		6		-129		0
353		6		-129		0
354		6		-129		0
355		6		-129		0
356		6		-129		0
357		6		-129		0
358		6		-129		0
359		6		-129		0
360		15		-132		0
361		9		-135		0
362		7		-135		0
363		6		-129		0
364		6		-129		0
365		6		-129		0
366		6		-129		0
367		6		-129		0
368		6		-129		0
369		6		-129		0
370		6		-129		0
371		19		-133		0
372		6		-129		0
373		13		-132		0
374		7		-135		0
375		15		-131		0
376		8		-135		0
377		9		-135		0
378		12		-131		0
379		15		-131		0
380		10		-135		0
381		6		-129		0
382		9		-135		0
383		6		-129		0
384		6		-129		0
385		6		-129		0
386		6		-129		0
387		6		-129		0
388		9		-135		0
389		6		-129		0
390		6		-129		0
391		10		-135		0
392		7		-135		0
393		6		-129		0
394		6		-129		0
395		6		-129		0
396		6		-129		0
397		7		-135		0
398		6		-129		0
399		6		-129		0
400		6		-129		0
401		6		-129		0
402		6		-129		0
403		6		-129		0
404		6		-129		0
405		6		-129		0
406		6		-129		0
407		6		-129		0
408		6		-129		0
409		6		-129		0
410		28		-135		0
411		22		-135		0
412		13		-132		0
413		23		-135		0
414		13		-132		0
415		14		-135		0
416		13		-132		0
417		13		-132		0
418		18		-134		0
419		13		-132		0
420		9		-134		0
421		30		-131		0
422		27		-131		0
423		22		-132		0
424		17		-135		0
425		14		-133		0
426		12		-132		0
427		18		-135		0
428		11		-133		0
429		12		-135		0
430		11		-133		0
431		11		-133		0
432		8		-134		0
433		7		-134		0
434		21		-132		0
435		11		-135		0
436		10		-133		0
437		13		-135		0
438		13		-135		0
439		11		-133		0
440		11		-133		0
441		8		-134		0
442		14		-130		0
443		7		-134		0
444		8		-134		0
445		8		-134		0
446		68		-132		0
447		52		-132		0
448		34		-130		0
449		25		-129		0
450		16		-131		0
451		14		-131		0
452		11		-132		0
453		8		-132		0
454		4		-129		0
455		34		-131		0
456		25		-130		0
457		17		-133		0
458		14		-131		0
459		11		-132		0
460		8		-132		0
461		14		-131		0
462		8		-132		0
463		9		-132		0
464		8		-132		0
465		8		-132		0
466		4		-129		0
467		4		-129		0
468		4		-129		0
469		16		-131		0
470		13		-131		0
471		14		-131		0
472		14		-131		0
473		9		-132		0
474		9		-132		0
475		8		-132		0
476		8		-132		0
477		4		-129		0
478		4		-129		0
479		13		-131		0
480		7		-133		0
481		5		-133		0
482		4		-129		0
483		4		-129		0
484		4		-129		0
485		4		-129		0
486		4		-129		0
487		30		-133		0
488		21		-132		0
489		16		-135		0
490		13		-135		0
491		10		-135		0
492		6		-135		0
493		34		-131		0
494		34		-131		0
495		14		-131		0
496		11		-132		0
497		8		-132		0
498		14		-131		0
499		11		-132		0
500		8		-132		0
501		4		-129		0
502		4		-129		0
503		18		-132		0
504		13		-132		0
505		14		-131		0
506		14		-131		0
507		14		-131		0
508		9		-132		0
509		9		-132		0
510		9		-132		0
511		4		-129		0
512		4		-129		0
513		11		-132		0
514		7		-133		0
515		7		-133		0
516		5		-133		0
517		4		-129		0
518		4		-129		0
519		4		-129		0
520		14		-131		0
521		11		-132		0
522		16		-135		0
523		12		-135		0
524		19		-135		0
525		13		-135		0
526		9		-135		0
527		23		-132		0
528		18		-133		0
529		14		-131		0
530		11		-132		0
531		15		-133		0
532		11		-132		0
533		14		-131		0
534		11		-132		0
535		5		-135		0
536		4		-129		0
537		18		-132		0
538		16		-131		0
539		18		-132		0
540		14		-131		0
541		14		-131		0
542		14		-131		0
543		14		-131		0
544		14		-131		0
545		14		-131		0
546		14		-131		0
547		14		-131		0
548		4		-129		0
549		4		-129		0
550		4		-129		0
551		10		-131		0
552		7		-133		0
553		5		-133		0
554		4		-129		0
555		4		-129		0
556		4		-129		0
557		4		-129		0
558		4		-129		0
559		4		-129		0
560		26		-130		0
561		4		-129		0
562		17		-133		0
563		5		-135		0
564		16		-135		0
565		6		-135		0
566		7		-135		0
567		10		-131		0
568		13		-131		0
569		30		-135		0
570		17		-133		0
571		14		-133		0
572		4		-129		0
573		10		-133		0
574		4		-129		0
575		7		-133		0
576		4		-129		0
577		4		-129		0
578		4		-129		0
579		7		-135		0
580		4		-129		0
581		4		-129		0
582		18		-133		0
583		12		-131		0
584		14		-133		0
585		14		-133		0
586		8		-133		0
587		10		-131		0
588		7		-133		0
589		7		-133		0
590		7		-133		0
591		7		-133		0
592		4		-129		0
593		4		-129		0
594		5		-135		0
595		4		-129		0
596		4		-129		0
597		4		-129		0
598		11		-132		0
599		10		-130		0
600		7		-133		0
601		5		-133		0
602		7		-133		0
603		5		-133		0
604		5		-133		0
605		5		-133		0
606		5		-133		0
607		10		-131		0
608		7		-133		0
609		5		-133		0
610		4		-129		0
611		4		-129		0
612		4		-129		0
613		4		-129		0
614		4		-129		0
615		4		-129		0
616		4		-129		0
617		4		-129		0
618		4		-129		0
619		4		-129		0
620		4		-129		0
621		4		-129		0
622		4		-129		0
623		4		-129		0
624		4		-129		0
625		4		-129		0
626		4		-129		0
627		4		-129		0
628		4		-129		0
629		4		-129		0
630		19		-133		0
631		23		-135		0
632		19		-133		0
633		19		-133		0
634		16		-131		0
635		12		-131		0
636		12		-131		0
637		13		-132		0
638		9		-134		0
639		16		-135		0
640		16		-131		0
641		13		-131		0
642		16		-133		0
643		13		-131		0
644		10		-135		0
645		7		-134		0
646		9		-135		0
647		6		-134		0
648		8		-134		0
649		7		-134		0
650		14		-132		0
651		13		-135		0
652		10		-133		0
653		12		-132		0
654		6		-134		0
655		8		-134		0
656		8		-134		0
657		10		-135		0
658		7		-134		0
659		23		-135		0
660		16		-132		0
661		10		-131		0
662		4		-129		0
663		12		-135		0
664		12		-135		0
665		13		-135		0
666		12		-135		0
667		12		-135		0
668		5		-135		0
669		5		-135		0
670		5		-135		0
671		4		-129		0
672		4		-129		0
673		4		-129		0
674		10		-134		0
675		9		-134		0
676		6		-135		0
677		6		-135		0
678		4		-129		0
679		4		-129		0
680		4		-129		0
681		4		-129		0
682		6		-135		0
683		5		-135		0
684		5		-135		0
685		6		-135		0
686		4		-129		0
687		4		-129		0
688		4		-129		0
689		18		-135		0
690		16		-134		0
691		11		-131		0
692		9		-135		0
693		4		-129		0
694		6		-135		0
695		12		-135		0
696		12		-135		0
697		5		-135		0
698		5		-135		0
699		4		-129		0
700		4		-129		0
701		10		-134		0
702		8		-135		0
703		8		-135		0
704		4		-129		0
705		4		-129		0
706		4		-129		0
707		4		-129		0
708		4		-129		0
709		4		-129		0
710		6		-135		0
711		7		-135		0
712		8		-135		0
713		4		-129		0
714		4		-129		0
715		4		-129		0
716		4		-129		0
717		4		-129		0
718		11		-134		0
719		4		-129		0
720		6		-135		0
721		9		-135		0
722		8		-134		0
723		5		-135		0
724		4		-129		0
725		5		-135		0
726		4		-129		0
727		8		-135		0
728		6		-135		0
729		8		-135		0
730		4		-129		0
731		4		-129		0
732		4		-129		0
733		4		-129		0
734		4		-129		0
735		4		-129		0
736		4		-129		0
737		4		-129		0
738		6		-135		0
739		6		-135		0
740		7		-135		0
741		4		-129		0
742		4		-129		0
743		4		-129		0
744		4		-129		0
745		4		-129		0
746		4		-129		0
747		26		-133		0
748		4		-129		0
749		7		-134		0
750		11		-132		0
751		7		-135		0
752		9		-134		0
753		13		-131		0
754		17		-135		0
755		5		-135		0
756		11		-133		0
757		5		-135		0
758		5		-135		0
759		12		-133		0
760		5		-135		0
761		5		-135		0
762		4		-129		0
763		6		-134		0
764		7		-135		0
765		4		-129		0
766		9		-135		0
767		8		-135		0
768		7		-135		0
769		10		-135		0
770		6		-135		0
771		6		-135		0
772		4		-129		0
773		4		-129		0
774		6		-134		0
775		6		-134		0
776		5		-135		0
777		4		-129		0
778		4		-129		0
779		4		-129		0
780		4		-129		0
781		4		-129		0
782		4		-129		0
783		6		-135		0
784		6		-135		0
785		6		-135		0
786		6		-135		0
787		6		-135		0
788		7		-135		0
789		6		-135		0
790		6		-135		0
791		6		-135		0
792		6		-135		0
793		6		-135		0
794		7		-135		0
795		4		-129		0
796		4		-129		0
797		4		-129		0
798		4		-129		0
799		4		-129		0
800		4		-129		0
801		4		-129		0
802		4		-129		0
803		4		-129		0
804		4		-129		0
805		4		-129		0
806		4		-129		0
807		4		-129		0
808		4		-129		0
809		4		-129		0
810		4		-129		0
811		4		-129		0
812		4		-129		0
813		4		-129		0
814		4		-129		0
815		6		-134		0
816		10		-133		0
817		9		-133		0
818		7		-134		0
819		18		-131		0
820		19		-131		0
821		15		-132		0
822		9		-131		0
823		9		-131		0
824		9		-131		0
825		3		-129		0
826		3		-129		0
827		3		-129		0
828		9		-131		0
829		6		-131		0
830		6		-131		0
831		3		-129		0
832		3		-129		0
833		3		-129		0
834		3		-129		0
835		3		-129		0
836		3		-129		0
837		22		-131		0
838		18		-134		0
839		12		-134		0
840		6		-134		0
841		19		-131		0
842		15		-132		0
843		9		-130		0
844		19		-131		0
845		15		-132		0
846		9		-131		0
847		3		-129		0
848		3		-129		0
849		9		-131		0
850		6		-131		0
851		3		-129		0
852		3		-129		0
853		3		-129		0
854		3		-129		0
855		3		-129		0
856		18		-131		0
857		11		-134		0
858		12		-131		0
859		8		-131		0
860		10		-131		0
861		8		-131		0
862		5		-134		0
863		3		-129		0
864		9		-131		0
865		9		-131		0
866		9		-131		0
867		3		-129		0
868		3		-129		0
869		3		-129		0
870		3		-129		0
871		3		-129		0
872		3		-129		0
873		3		-129		0
874		22		-132		0
875		13		-132		0
876		3		-129		0
877		7		-132		0
878		3		-129		0
879		3		-129		0
880		9		-134		0
881		3		-129		0
882		3		-129		0
883		7		-132		0
884		5		-132		0
885		4		-132		0
886		3		-129		0
887		5		-134		0
888		3		-129		0
889		3		-129		0
890		3		-129		0
891		3		-129		0
892		3		-129		0
893		3		-129		0
894		3		-129		0
895		3		-129		0
896		3		-129		0
897		3		-129		0
898		3		-129		0
899		3		-129		0
900		3		-129		0
901		3		-129		0
902		3		-129		0
903		3		-129		0
904		3		-129		0
905		3		-129		0
906		18		-135		0
907		11		-133		0
908		9		-133		0
909		8		-133		0
910		10		-133		0
911		10		-133		0
912		9		-131		0
913		9		-131		0
914		9		-131		0
915		6		-131		0
916		9		-131		0
917		9		-131		0
918		6		-131		0
919		6		-131		0
920		3		-129		0
921		3		-129		0
922		18		-132		0
923		11		-133		0
924		22		-132		0
925		9		-131		0
926		9		-131		0
927		9		-131		0
928		9		-131		0
929		9		-131		0
930		6		-131		0
931		6		-131		0
932		6		-131		0
933		3		-129		0
934		3		-129		0
935		3		-129		0
936		9		-131		0
937		11		-133		0
938		14		-133		0
939		13		-131		0
940		9		-131		0
941		10		-133		0
942		9		-131		0
943		9		-131		0
944		9		-131		0
945		9		-131		0
946		9		-131		0
947		9		-131		0
948		9		-131		0
949		9		-131		0
950		9		-131		0
951		3		-129		0
952		3		-129		0
953		3		-129		0
954		13		-132		0
955		10		-132		0
956		7		-132		0
957		7		-132		0
958		4		-132		0
959		7		-132		0
960		7		-132		0
961		5		-132		0
962		5		-132		0
963		4		-132		0
964		4		-132		0
965		4		-132		0
966		4		-132		0
967		3		-129		0
968		3		-129		0
969		3		-129		0
970		3		-129		0
971		3		-129		0
972		3		-129		0
973		3		-129		0
974		3		-129		0
975		3		-129		0
976		3		-129		0
977		3		-129		0
978		10		-133		0
979		10		-133		0
980		9		-131		0
981		9		-131		0
982		6		-131		0
983		6		-131		0
984		3		-129		0
985		3		-129		0
986		19		-131		0
987		19		-131		0
988		19		-131		0
989		9		-131		0
990		9		-131		0
991		6		-131		0
992		6		-131		0
993		3		-129		0
994		3		-129		0
995		18		-131		0
996		12		-131		0
997		12		-131		0
998		10		-131		0
999		10		-131		0
1000		9		-131		0
1001		9		-131		0
1002		9		-131		0
1003		9		-131		0
1004		9		-131		0
1005		9		-131		0
1006		3		-129		0
1007		3		-129		0
1008		13		-132		0
1009		13		-132		0
1010		7		-132		0
1011		7		-132		0
1012		7		-132		0
1013		7		-132		0
1014		5		-132		0
1015		5		-132		0
1016		4		-132		0
1017		4		-132		0
1018		3		-129		0
1019		3		-129		0
1020		3		-129		0
1021		3		-129		0
1022		3		-129		0
1023		3		-129		0
1024		3		-129		0
1025		3		-129		0
1026		28		-133		1
1027		16		-133		0
1028		16		-133		0
1029		12		-133		0
1030		12		-133		0
1031		8		-133		0
1032		8		-133		0
1033		14		-135		0
1034		10		-133		0
1035		8		-132		0
1036		7		-134		0
1037		9		-132		0
1038		7		-132		0
1039		6		-132		0
1040		8		-134		0
1041		8		-134		0
1042		4		-131		0
1043		4		-131		0
1044		4		-131		0
1045		4		-131		0
1046		4		-131		0
1047		4		-131		0
1048		4		-131		0
1049		4		-131		0
1050		4		-131		0
1051		4		-131		0
1052		4		-131		0
1053		4		-131		0
1054		4		-131		0
1055		4		-131		0
1056		4		-131		0
1057		4		-131		0
1058		4		-131		0
1059		6		-135		0
1060		6		-135		0
1061		4		-131		0
1062		4		-131		0
1063		4		-131		0
1064		4		-131		0
1065		6		-135		0
1066		6		-135		0
1067		4		-131		0
1068		4		-131		0
1069		4		-131		0
1070		4		-131		0
1071		4		-131		0
1072		4		-131		0
1073		4		-131		0
1074		4		-131		0
1075		5		-135		0
1076		6		-135		0
1077		4		-131		0
1078		4		-131		0
1079		4		-131		0
1080		9		-135		0
1081		9		-135		0
1082		5		-135		0
1083		5		-135		0
1084		4		-131		0
1085		4		-131		0
1086		4		-131		0
1087		4		-131		0
1088		4		-131		0
1089		4		-131		0
1090		4		-131		0
1091		4		-131		0
1092		5		-135		0
1093		6		-135		0
1094		4		-131		0
1095		4		-131		0
1096		4		-131		0
1097		8		-135		0
1098		9		-135		0
1099		4		-131		0
1100		4		-131		0
1101		5		-135		0
1102		4		-131		0
1103		4		-131		0
1104		4		-131		0
1105		4		-131		0
1106		7		-133		0
1107		5		-130		0
1108		4		-130		0
1109		5		-130		0
1110		4		-130		0
1111		4		-130		0
1112		2		45		0
1113		2		45		0
1114		2		45		0
1115		2		45		0
1116		7		-135		0
1117		6		-135		0
1118		5		-130		0
1119		5		-130		0
1120		4		-130		0
1121		4		-130		0
1122		4		-135		0
1123		2		45		0
1124		2		45		0
1125		2		45		0
1126		5		-130		0
1127		6		-135		0
1128		7		-135		0
1129		5		-130		0
1130		5		-130		0
1131		5		-130		0
1132		3		-135		0
1133		2		45		0
1134		2		45		0
1135		2		45		0
1136		2		45		0
1137		2		45		0
1138		3		-135		0
1139		2		45		0
1140		2		45		0
1141		2		45		0
1142		4		-135		0
1143		2		45		0
1144		2		45		0
1145		2		45		0
1146		3		-135		0
1147		2		45		0
1148		2		45		0
1149		2		45		0
1150		2		45		0
1151		2		45		0
1152		2		45		0
1153		2		45		0
1154		9		-135		0
1155		7		-135		0
1156		6		-135		0
1157		4		-135		0
1158		4		-135		0
1159		3		-129		0
1160		3		-129		0
1161		5		-135		0
1162		4		-135		0
1163		4		-135		0
1164		4		-135		0
1165		3		-129		0
1166		3		-129		0
1167		4		-135		0
1168		6		-135		0
1169		6		-135		0
1170		3		-129		0
1171		3		-129		0
1172		3		-129		0
1173		3		-129		0
1174		5		-135		0
1175		6		-135		0
1176		6		-135		0
1177		3		-129		0
1178		3		-129		0
1179		3		-129		0
1180		3		-129		0
1181		4		-135		0
1182		5		-135		0
1183		6		-135		0
1184		3		-129		0
1185		3		-129		0
1186		3		-129		0
1187		5		-135		0
1188		5		-135		0
1189		6		-135		0
1190		3		-129		0
1191		3		-129		0
1192		3		-129		0
1193		3		-129		0
1194		3		-129		0
1195		4		-135		0
1196		4		-135		0
1197		4		-135		0
1198		5		-135		0
1199		5		-135		0
1200		3		-129		0
1201		3		-129		0
1202		3		-129		0
1203		3		-129		0
1204		5		-135		0
1205		5		-135		0
1206		5		-135		0
1207		5		-135		0
1208		5		-135		0
1209		5		-135		0
1210		5		-135		0
1211		5		-135		0
1212		6		-135		0
1213		3		-129		0
1214		3		-129		0
1215		3		-129		0
1216		3		-129		0
1217		3		-129		0
1218		3		-129		0
1219		3		-129		0
1220		3		-129		0
1221		3		-129		0
1222		3		-129		0
1223		3		-129		0
1224		7		-132		0
1225		5		-132		0
1226		4		-132		0
1227		2		45		0
1228		2		45		0
1229		2		45		0
1230		2		45		0
1231		2		45		0
1232		2		45		0
1233		2		45		0
1234		5		-130		0
1235		4		-130		0
1236		2		45		0
1237		2		45		0
1238		2		45		0
1239		2		45		0
1240		2		45		0
1241		5		-130		0
1242		5		-130		0
1243		2		45		0
1244		5		-130		0
1245		5		-130		0
1246		2		45		0
1247		2		45		0
1248		2		45		0
1249		2		45		0
1250		2		45		0
1251		2		45		0
1252		2		45		0
1253		2		45		0
1254		2		45		0
1255		2		45		0
1256		2		45		0
1257		2		45		0
1258		2		45		0
1259		2		45		0
1260		2		45		0
1261		2		45		0
1262		2		45		0
1263		2		45		0
1264		2		45		0
1265		2		45		0
1266		2		45		0
1267		2		45		0
1268		2		45		0
1269		2		45		0
1270		2		45		0
1271		2		45		0
1272		2		45		0
1273		5		-130		0
1274		5		-130		0
1275		4		-130		0
1276		4		-130		0
1277		2		45		0
1278		2		45		0
1279		7		-135		0
1280		8		-135		0
1281		5		-130		0
1282		5		-130		0
1283		5		-130		0
1284		2		45		0
1285		2		45		0
1286		4		-135		0
1287		5		-135		0
1288		2		45		0
1289		2		45		0
1290		2		45		0
1291		5		-135		0
1292		2		45		0
1293		2		45		0
1294		2		45		0
1295		2		45		0
1296		2		45		0
1297		2		45		0
1298		2		45		0
1299		2		45		0
1300		2		45		0
1301		5		-130		0
1302		5		-130		0
1303		5		-130		0
1304		5		-130		0
1305		5		-130		0
1306		5		-130		0
1307		2		45		0
1308		2		45		0
1309		2		45		0
1310		2		45		0
1311		2		45		0
1312		2		45		0
1313		2		45		0
1314		2		45		0
1315		2		45		0
1316		2		45		0
1317		2		45		0
1318		2		45		0
1319		2		45		0
1320		2		45		0
1321		8		-132		0
1322		6		-132		0
1323		3		-129		0
1324		5		-135		0
1325		4		-135		0
1326		3		-129		0
1327		3		-129		0
1328		5		-135		0
1329		3		-129		0
1330		3		-129		0
1331		3		-129		0
1332		5		-135		0
1333		5		-135		0
1334		3		-129		0
1335		3		-129		0
1336		3		-129		0
1337		3		-129		0
1338		3		-129		0
1339		3		-129		0
1340		5		-135		0
1341		8		-135		0
1342		10		-135		0
1343		5		-135		0
1344		3		-129		0
1345		4		-135		0
1346		3		-129		0
1347		5		-135		0
1348		3		-129		0
1349		3		-129		0
1350		3		-129		0
1351		3		-129		0
1352		3		-129		0
1353		3		-129		0
1354		3		-129		0
1355		3		-129		0
1356		4		-135		0
1357		3		-129		0
1358		3		-129		0
1359		10		-135		0
1360		5		-135		0
1361		3		-129		0
1362		3		-129		0
1363		4		-135		0
1364		3		-129		0
1365		6		-135		0
1366		5		-135		0
1367		5		-135		0
1368		3		-129		0
1369		3		-129		0
1370		3		-129		0
1371		3		-129		0
1372		3		-129		0
1373		3		-129		0
1374		3		-129		0
1375		3		-129		0
1376		3		-129		0
1377		3		-129		0
1378		3		-129		0
1379		13		-132		0
1380		2		45		0
1381		2		45		0
1382		2		45		0
1383		2		45		0
1384		2		45		0
1385		2		45		0
1386		5		-130		0
1387		5		-130		0
1388		5		-134		0
1389		2		45		0
1390		2		45		0
1391		2		45		0
1392		2		45		0
1393		2		45		0
1394		2		45		0
1395		2		45		0
1396		2		45		0
1397		5		-134		0
1398		2		45		0
1399		2		45		0
1400		2		45		0
1401		2		45		0
1402		2		45		0
1403		2		45		0
1404		7		-135		0
1405		7		-135		0
1406		4		-135		0
1407		4		-135		0
1408		3		-129		0
1409		3		-129		0
1410		6		-135		0
1411		3		-129		0
1412		3		-129		0
1413		3		-129		0
1414		3		-129		0
1415		5		-135		0
1416		5		-135		0
1417		5		-135		0
1418		5		-135		0
1419		6		-135		0
1420		3		-129		0
1421		3		-129		0
1422		3		-129		0
1423		3		-129		0
1424		3		-129		0
1425		3		-129		0
1426		5		-135		0
1427		5		-135		0
1428		5		-135		0
1429		5		-135		0
1430		5		-135		0
1431		3		-129		0
1432		3		-129		0
1433		3		-129		0
1434		3		-129		0
1435		3		-129		0
1436		3		-129		0
1437		3		-129		0
1438		3		-129		0
1439		7		-132		0
1440		7		-132		0
1441		5		-132		0
1442		5		-132		0
1443		2		45		0
1444		2		45		0
1445		2		45		0
1446		2		45		0
1447		2		45		0
1448		2		45		0
1449		5		-130		0
1450		5		-130		0
1451		2		45		0
1452		2		45		0
1453		2		45		0
1454		2		45		0
1455		2		45		0
1456		2		45		0
1457		2		45		0
1458		2		45		0
1459		2		45		0
1460		2		45		0
1461		2		45		0
1462		2		45		0
1463		2		45		0
1464		2		45		0
1465		2		45		0
1466		2		45		0
1467		2		45		0
1468		2		45		0
1469		2		45		0
1470		2		45		0
1471		2		45		0
1472		5		-130		0
1473		5		-130		0
1474		2		45		0
1475		2		45		0
1476		2		45		0
1477		2		45		0
1478		2		45		0
1479		2		45		0
1480		2		45		0
1481		2		45		0
1482		7		-132		0
1483		7		-132		0
1484		7		-132		0
1485		2		45		0
1486		2		45		0
1487		2		45		0
1488		5		-130		0
1489		5		-130		0
1490		5		-130		0
1491		2		45		0
1492		2		45		0
1493		2		45		0
1494		2		45		0
1495		2		45		0
1496		2		45		0
1497		2		45		0
1498		2		45		0
1499		2		45		0
1500		2		45		0
1501		2		45		0
1502		2		45		0
1503		5		-130		0
1504		7		-135		0
1505		10		-135		0
1506		5		-130		0
1507		6		-135		0
1508		5		-130		0
1509		5		-130		0
1510		5		-130		0
1511		5		-130		0
1512		5		-130		0
1513		5		-130		0
1514		5		-130		0
1515		5		-130		0
1516		5		-130		0
1517		2		45		0
1518		2		45		0
1519		3		-135		0
1520		2		45		0
1521		2		45		0
1522		2		45		0
1523		2		45		0
1524		2		45		0
1525		2		45		0
1526		2		45		0
1527		2		45		0
1528		2		45		0
1529		8		-133		0
1530		11		-133		0
1531		6		-133		0
1532		5		-130		0
1533		5		-130		0
1534		5		-130		0
1535		5		-130		0
1536		5		-130		0
1537		5		-130		0
1538		5		-133		0
1539		8		-133		0
1540		3		-133		0
1541		5		-133		0
1542		2		45		0
1543		2		45		0
1544		2		45		0
1545		2		45		0
1546		2		45		0
1547		2		45		0
1548		7		-135		0
1549		5		-130		0
1550		5		-130		0
1551		5		-130		0
1552		5		-130		0
1553		5		-130		0
1554		5		-130		0
1555		4		-135		0
1556		4		-135		0
1557		2		45		0
1558		2		45		0
1559		2		45		0
1560		2		45		0
1561		2		45		0
1562		2		45		0
1563		2		45		0
1564		3		-135		0
1565		2		45		0
1566		2		45		0
1567		2		45		0
1568		2		45		0
1569		2		45		0
1570		2		45		0
1571		2		45		0
1572		2		45		0
1573		2		45		0
1574		2		45		0
1575		2		45		0
1576		2		45		0
1577		2		45		0
1578		2		45		0
1579		2		45		0
1580		2		45		0
1581		2		45		0
1582		2		45		0
1583		2		45		0
1584		2		45		0
1585		2		45		0
1586		4		-133		0
1587		2		45		0
1588		2		45		0
1589		2		45		0
1590		16		-133		0
1591		3		-133		0
1592		4		-133		0
1593		4		-133		0
1594		18		-133		0
1595		8		-133		0
1596		2		45		0
1597		4		-133		0
1598		2		45		0
1599		2		45		0
1600		2		45		0
1601		2		45		0
1602		8		-133		0
1603		8		-133		0
1604		4		-133		0
1605		2		45		0
1606		2		45		0
1607		2		45		0
1608		8		-133		0
1609		5		-133		0
1610		3		-133		0
1611		2		45		0
1612		2		45		0
1613		2		45		0
1614		2		45		0
1615		2		45		0
1616		2		45		0
1617		6		-135		0
1618		3		-133		0
1619		4		-133		0
1620		3		-135		0
1621		2		45		0
1622		3		-133		0
1623		2		45		0
1624		2		45		0
1625		2		45		0
1626		2		45		0
1627		2		45		0
1628		2		45		0
1629		2		45		0
1630		2		45		0
1631		2		45		0
1632		2		45		0
1633		1		0		0
1634		1		0		0
1635		1		0		0
1636		1		0		0
1637		1		0		0
1638		1		0		0
1639		1		0		0
1640		1		0		0
1641		1		0		0
1642		1		0		0
1643		1		0		0
1644		1		0		0
1645		1		0		0
1646		1		0		0
1647		1		0		0
1648		1		0		0
1649		1		0		0
1650		1		0		0
1651		1		0		0
1652		1		0		0
1653		1		0		0
1654		1		0		0
1655		1		0		0
1656		1		0		0
1657		1		0		0
1658		1		0		0
1659		1		0		0
1660		1		0		0
1661		3		-133		0
1662		1		0		0
1663		1		0		0
1664		1		0		0
1665		2		45		0
1666		3		-133		0
1667		1		0		0
1668		1		0		0
1669		1		0		0
1670		1		0		0
1671		1		0		0
1672		1		0		0
1673		1		0		0
1674		1		0		0
1675		5		-135		0
1676		5		-135		0
1677		2		45		0
1678		2		45		0
1679		5		-135		0
1680		5		-135		0
1681		2		45		0
1682		2		45		0
1683		4		-135		0
1684		5		-135		0
1685		5		-135		0
1686		2		45		0
1687		2		45		0
1688		5		-135		0
1689		2		45		0
1690		2		45		0
1691		4		-135		0
1692		5		-135		0
1693		2		45		0
1694		2		45		0
1695		2		45		0
1696		2		45		0
1697		2		45		0
1698		2		45		0
1699		2		45		0
1700		2		45		0
1701		2		45		0
1702		2		45		0
1703		2		45		0
1704		2		45		0
1705		2		45		0
1706		2		45		0
1707		2		45		0
1708		2		45		0
1709		2		45		0
1710		2		45		0
1711		2		45		0
1712		2		45		0
1713		2		45		0
1714		2		45		0
1715		2		45		0
1716		2		45		0
1717		2		45		0
1718		2		45		0
1719		2		45		0
1720		2		45		0
1721		2		45		0
1722		2		45		0
1723		1		0		0
1724		1		0		0
1725		1		0		0
1726		1		0		0
1727		1		0		0
1728		1		0		0
1729		1		0		0
1730		2		45		0
1731		2		45		0
1732		2		45		0
1733		2		45		0
1734		2		45		0
1735		2		45		0
1736		2		45		0
1737		2		45		0
1738		2		45		0
1739		2		45		0
1740		2		45		0
1741		2		45		0
1742		3		-133		0
1743		2		45		0
1744		2		45		0
1745		2		45		0
1746		2		45		0
1747		2		45		0
1748		2		45		0
1749		2		45		0
1750		2		45		0
1751		2		45		0
1752		2		45		0
1753		2		45		0
1754		1		0		0
1755		1		0		0
1756		1		0		0
1757		2		45		0
1758		1		0		0
1759		1		0		0
1760		5		-135		0
1761		5		-135		0
1762		2		45		0
1763		2		45		0
1764		2		45		0
1765		2		45		0
1766		2		45		0
1767		2		45		0
1768		2		45		0
1769		2		45		0
1770		2		45		0
1771		2		45		0
1772		2		45		0
1773		2		45		0
1774		2		45		0
1775		2		45		0
1776		1		0		0
1777		1		0		0
1778		1		0		0
1779		2		45		0
1780		2		45		0
1781		2		45		0
1782		2		45		0
1783		1		0		0
1784		1		0		0
1785		1		0		0
1786		1		0		0
1787		1		0		0
1788		1		0		0
1789		4		-130		0
1790		1		0		0
1791		1		0		0
1792		1		0		0
1793		1		0		0
1794		1		0		0
1795		1		0		0
1796		2		45		0
1797		3		-135		0
1798		1		0		0
1799		1		0		0
1800		1		0		0
1801		2		45		0
1802		2		45		0
1803		1		0		0
1804		1		0		0
1805		1		0		0
1806		1		0		0
1807		1		0		0
1808		1		0		0
1809		1		0		0
1810		2		45		0
1811		1		0		0
1812		1		0		0
1813		1		0		0
1814		1		0		0
1815		1		0		0
1816		1		0		0
1817		1		0		0
1818		1		0		0
1819		1		0		0
1820		1		0		0
1821		1		0		0
1822		1		0		0
1823		1		0		0
1824		1		0		0
1825		1		0		0
1826		1		0		0
1827		1		0		0
1828		1		0		0
1829		1		0		0
1830		1		0		0
1831		1		0		0
1832		1		0		0
1833		1		0		0
1834		2		45		0
1835		2		45		0
1836		2		45		0
1837		1		0		0
1838		1		0		0
1839		2		45		0
1840		47		-134		0
1841		25		-131		0
1842		26		-133		0
1843		16		-133		0
1844		9		-131		0
1845		26		-133		0
1846		9		-131		0
1847		15		-135		0
1848		12		-135		0
1849		9		-131		0
1850		9		-131		0
1851		9		-131		0
1852		9		-133		0
1853		5		-131		0
1854		5		-131		0
1855		6		-135		0
1856		5		-131		0
1857		5		-131		0
1858		8		-132		0
1859		5		-132		0
1860		3		-132		0
1861		6		-130		0
1862		4		-130		0
1863		4		-130		0
1864		4		-130		0
1865		4		-130		0
1866		2		45		0
1867		2		45		0
1868		2		45		0
1869		2		45		0
1870		2		45		0
1871		2		45		0
1872		22		-131		0
1873		12		-132		0
1874		5		-129		0
1875		13		-132		0
1876		5		-129		0
1877		5		-129		0
1878		5		-129		0
1879		5		-129		0
1880		13		-131		0
1881		7		-130		0
1882		3		-129		0
1883		10		-131		0
1884		6		-130		0
1885		3		-129		0
1886		7		-130		0
1887		3		-129		0
1888		3		-129		0
1889		3		-129		0
1890		3		-129		0
1891		1		0		0
1892		1		0		0
1893		1		0		0
1894		4		-129		0
1895		2		45		0
1896		2		45		0
1897		1		0		0
1898		1		0		0
1899		1		0		0
1900		1		0		0
1901		1		0		0
1902		1		0		0
1903		13		-132		0
1904		13		-132		0
1905		13		-132		0
1906		5		-129		0
1907		5		-129		0
1908		10		-133		0
1909		7		-132		0
1910		3		-131		0
1911		7		-130		0
1912		3		-129		0
1913		4		-129		0
1914		4		-129		0
1915		2		45		0
1916		4		-129		0
1917		2		45		0
1918		4		-129		0
1919		4		-129		0
1920		2		45		0
1921		2		45		0
1922		1		0		0
1923		1		0		0
1924		1		0		0
1925		22		-131		0
1926		22		-131		0
1927		13		-132		0
1928		13		-132		0
1929		5		-129		0
1930		5		-129		0
1931		10		-131		0
1932		10		-131		0
1933		7		-130		0
1934		7		-130		0
1935		3		-129		0
1936		3		-129		0
1937		4		-129		0
1938		4		-129		0
1939		2		45		0
1940		2		45		0
1941		1		0		0
1942		1		0		0
1943		0		0		0
1944		0		0		0
1945		0		0		0
1946		0		0		0
1947		0		0		0
1948		0		0		0
1949		0		0		0
1950		1		0		0
1951		0		0		0
1952		0		0		0
1953		0		0		0
1954		0		0		0
1955		0		0		0
1956		0		0		0
1957		0		0		0
1958		0		0		0
1959		0		0		0
1960		0		0		0
1961		0		0		0
1962		0		0		0
1963		0		0		0
1964		0		0		0
1965		0		0		0
1966		0		0		0
1967		0		0		0
1968		0		0		0
1969		0		0		0
1970		0		0		0
1971		0		0		0
1972		0		0		0
1973		0		0		0
1974		0		0		0
1975		0		0		0
1976		0		0		0
1977		0		0		0
1978		0		0		0
1979		0		0		0
1980		0		0		0
1981		0		0		0
1982		0		0		0
1983		0		0		0
1984		0		0		0
1985		0		0		0
1986		0		0		0
1987		0		0		0
1988		0		0		0
1989		0		0		0
1990		0		0		0
1991		0		0		0
1992		3		-130		0
1993		0		0		0
1994		0		0		0
1995		0		0		0
1996		0		0		0
1997		0		0		0
1998		0		0		0
1999		0		0		0
2000		0		0		0
2001		0		0		0
2002		0		0		0
2003		0		0		0
2004		0		0		0
2005		0		0		0
2006		0		0		0
2007		0		0		0
2008		0		0		0
2009		0		0		0
2010		0		0		0
2011		0		0		0
2012		0		0		0
2013		0		0		0
2014		0		0		0
2015		0		0		0
2016		1		0		0
2017		0		0		0
2018		0		0		0
2019		0		0		0
2020		0		0		0
2021		0		0		0
2022		0		0		0
2023		0		0		0
2024		3		-129		0
2025		6		-131		0
2026		0		0		0
2027		0		0		0
2028		1		0		0
2029		3		-129		0
2030		0		0		0
2031		0		0		0
2032		0		0		0
2033		0		0		0
2034		0		0		0
2035		0		0		0
2036		0		0		0
2037		0		0		0
2038		0		0		0
2039		0		0		0
2040		0		0		0
2041		1		0		0
2042		0		0		0
2043		0		0		0
2044		0		0		0
2045		0		0		0
2046		0		0		0
2047		0		0		0
2048		0		0		0
2049		0		0		0
2050		0		0		0
2051		0		0		0
2052		0		0		0
2053		0		0		0
2054		0		0		0
2055		0		0		0
2056		0		0		0
2057		0		0		0
2058		0		0		0
2059		0		0		0
2060		0		0		0
2061		0		0		0
2062		0		0		0
2063		0		0		0
2064		0		0		0
2065		0		0		0
2066		0		0		0
2067		0		0		0
2068		0		0		0
2069		0		0		0
2070		0		0		0
2071		0		0		0
2072		0		0		0
2073		0		0		0
2074		0		0		0
2075		0		0		0
2076		0		0		0
2077		0		0		0
2078		0		0		0
2079		0		0		0
2080		0		0		0
2081		0		0		0
2082		0		0		0
2083		0		0		0
2084		0		0		0
2085		0		0		0
2086		0		0		0
2087		0		0		0
2088		0		0		0
2089		0		0		0
2090		0		0		0
2091		0		0		0
2092		0		0		0
2093		0		0		0
2094		0		0		0
2095		0		0		0
2096		0		0		0
2097		0		0		0
2098		0		0		0
2099		0		0		0
2100		0		0		0
2101		0		0		0
2102		0		0		0
2103		0		0		0
2104		0		0		0
2105		0		0		0
2106		0		0		0
2107		0		0		0
2108		0		0		0
2109		0		0		0
2110		0		0		0
2111		0		0		0
2112		0		0		0
2113		0		0		0
2114		0		0		0
2115		0		0		0
2116		0		0		0
2117		0		0		0
2118		0		0		0
2119		0		0		0
2120		0		0		0
2121		0		0		0
2122		0		0		0
2123		0		0		0
2124		0		0		0
2125		0		0		0
2126		0		0		0
2127		0		0		0
2128		0		0		0
2129		0		0		0
2130		0		0		0
2131		0		0		0
2132		0		0		0
2133		0		0		0
2134		0		0		0
2135		0		0		0
2136		0		0		0
2137		0		0		0
2138		0		0		0
2139		0		0		0
2140		0		0		0
2141		0		0		0
2142		0		0		0
2143		0		0		0
2144		0		0		0
2145		0		0		0
2146		0		0		0
2147		0		0		0
2148		0		0		0
2149		0		0		0
2150		0		0		0
2151		0		0		0
2152		0		0		0
2153		0		0		0
2154		0		0		0
2155		0		0		0
2156		0		0		0
2157		0		0		0
2158		0		0		0
2159		0		0		0
2160		0		0		0
2161		0		0		0
2162		0		0		0
2163		0		0		0
2164		0		0		0
2165		0		0		0
2166		0		0		0
2167		0		0		0
2168		0		0		0
2169		0		0		0
2170		0		0		0
2171		0		0		0
2172		0		0		0
2173		0		0		0
2174		0		0		0
2175		0		0		0
2176		0		0		0
2177		0		0		0
2178		0		0		0
2179		0		0		0
2180		0		0		0
2181		0		0		0
2182		0		0		0
2183		0		0		0
2184		0		0		0
2185		0		0		0
2186		0		0		0
2187		0		0		0
2188		0		0		0
2189		0		0		0
2190		0		0		0
2191		0		0		0
2192		0		0		0
2193		0		0		0
2194		0		0		0
2195		0		0		0
2196		0		0		0
2197		0		0		0
2198		0		0		0
2199		0		0		0
2200		0		0		0
2201		0		0		0
2202		0		0		0
2203		0		0		0
2204		0		0		0
2205		0		0		0
2206		0		0		0
2207		0		0		0
2208		0		0		0
2209		0		0		0
2210		0		0		0
2211		0		0		0
2212		0		0		0
2213		0		0		0
2214		0		0		0
2215		0		0		0
2216		0		0		0
2217		0		0		0
2218		0		0		0
2219		0		0		0
2220		0		0		0
2221		0		0		0
2222		0		0		0
2223		0		0		0
2224		0		0		0
2225		0		0		0
2226		0		0		0
2227		0		0		0
2228		0		0		0
2229		1		0		0
2230		0		0		0
2231		0		0		0
2232		0		0		0
2233		0		0		0
2234		0		0		0
2235		0		0		0
2236		0		0		0
2237		0		0		0
2238		1		0		0
2239		0		0		0
2240		0		0		0
2241		0		0		0
2242		0		0		0
2243		0		0		0
2244		1		0		0
2245		0		0		0
2246		0		0		0
2247		0		0		0
2248		0		0		0
2249		0		0		0
2250		0		0		0
2251		0		0		0
2252		0		0		0
2253		1		0		0
2254		0		0		0
2255		0		0		0
2256		0		0		0
2257		0		0		0
2258		0		0		0
2259		0		0		0
2260		0		0		0
2261		0		0		0
2262		0		0		0
2263		0		0		0
2264		0		0		0
2265		0		0		0
2266		0		0		0
2267		0		0		0
2268		0		0		0
2269		0		0		0
2270		0		0		0
2271		0		0		0
2272		0		0		0
2273		0		0		0
2274		0		0		0
2275		0		0		0
2276		0		0		0
2277		0		0		0
2278		0		0		0
2279		0		0		0
2280		0		0		0
2281		0		0		0
2282		0		0		0
2283		0		0		0
2284		0		0		0
2285		0		0		0
2286		0		0		0
2287		0		0		0
2288		0		0		0
2289		0		0		0
2290		0		0		0
2291		0		0		0
2292		0		0		0
2293		0		0		0
2294		0		0		0
2295		0		0		0
2296		1		0		0
2297		0		0		0
2298		0		0		0
2299		0		0		0
2300		0		0		0
2301		0		0		0
2302		0		0		0
2303		0		0		0
2304		0		0		0
2305		0		0		0
2306		0		0		0
2307		0		0		0
2308		0		0		0
2309		0		0		0
2310		0		0		0
2311		0		0		0
2312		0		0		0
2313		0		0		0
2314		0		0		0
2315		0		0		0
2316		0		0		0
2317		0		0		0
2318		0		0		0
2319		0		0		0
2320		0		0		0
2321		0		0		0
2322		0		0		0
2323		0		0		0
2324		0		0		0
2325		0		0		0
2326		0		0		0
2327		0		0		0
2328		0		0		0
2329		0		0		0
2330		0		0		0
2331		0		0		0
2332		0		0		0
2333		0		0		0
2334		0		0		0
2335		0		0		0
2336		0		0		0
2337		0		0		0
2338		0		0		0
2339		0		0		0
2340		0		0		0
2341		0		0		0
2342		0		0		0
2343		0		0		0
2344		0		0		0
2345		0		0		0
2346		0		0		0
2347		0		0		0
2348		0		0		0
2349		0		0		0
2350		0		0		0
2351		0		0		0
2352		0		0		0
2353		0		0		0
2354		0		0		0
2355		0		0		0
2356		0		0		0
2357		0		0		0
2358		0		0		0
2359		0		0		0
2360		0		0		0
2361		0		0		0
2362		0		0		0
2363		0		0		0
2364		0		0		0
2365		0		0		0
2366		0		0		0
2367		0		0		0
2368		0		0		0
2369		0		0		0
2370		0		0		0
2371		0		0		0
2372		0		0		0
2373		0		0		0
2374		0		0		0
2375		1		0		0
2376		0		0		0
2377		1		0		0
2378		0		0		0
2379		0		0		0
2380		1		0		0
2381		0		0		0
2382		1		0		0
2383		0		0		0
2384		0		0		0
2385		0		0		0
2386		0		0		0
2387		0		0		0
2388		0		0		0
2389		0		0		0
2390		1		0		0
2391		0		0		0
2392		1		0		0
2393		0		0		0
2394		0		0		0
2395		0		0		0
2396		0		0		0
2397		0		0		0
2398		0		0		0
2399		0		0		0
2400		0		0		0
2401		0		0		0
2402		0		0		0
2403		0		0		0
2404		0		0		0
2405		0		0		0
2406		0		0		0
2407		0		0		0
2408		0		0		0
2409		0		0		0
2410		0		0		0
2411		0		0		0
2412		0		0		0
2413		0		0		0
2414		0		0		0
2415		0		0		0
2416		0		0		0
2417		0		0		0
2418		0		0		0
2419		0		0		0
2420		0		0		0
2421		0		0		0
2422		0		0		0
2423		0		0		0
2424		0		0		0
2425		0		0		0
2426		0		0		0
2427		0		0		0
2428		0		0		0
2429		0		0		0
2430		0		0		0
2431		0		0		0
2432		0		0		0
2433		0		0		0
2434		0		0		0
2435		9		-131		0
2436		0		0		0
2437		0		0		0
2438		0		0		0
2439		0		0		0
2440		3		-130		0
2441		0		0		0
2442		0		0		0
2443		0		0		0
2444		1		0		0
2445		0		0		0
2446		0		0		0
2447		0		0		0
2448		0		0		0
2449		2		45		0
2450		0		0		0
2451		0		0		0
2452		0		0		0
2453		0		0		0
2454		0		0		0
2455		0		0		0
2456		0		0		0
2457		0		0		0
2458		0		0		0
2459		0		0		0
2460		0		0		0
2461		1		0		0
2462		1		0		0
2463		0		0		0
2464		0		0		0
2465		0		0		0
2466		0		0		0
2467		0		0		0
2468		0		0		0
2469		0		0		0
2470		0		0		0
2471		2		45		0
2472		2		45		0
2473		0		0		0
2474		0		0		0
2475		0		0		0
2476		0		0		0
2477		0		0		0
2478		0		0		0
2479		0		0		0
2480		0		0		0
2481		0		0		0
2482		0		0		0
2483		0		0		0
2484		0		0		0
2485		0		0		0
2486		0		0		0
2487		0		0		0
2488		0		0		0
2489		0		0		0
2490		0		0		0
2491		0		0		0
2492		0		0		0
2493		0		0		0
2494		0		0		0
2495		0		0		0
2496		0		0		0
2497		0		0		0
2498		0		0		0
2499		0		0		0
2500		0		0		0
2501		0		0		0
2502		0		0		0
2503		0		0		0
2504		0		0		0
2505		0		0		0
2506		0		0		0
2507		0		0		0
2508		0		0		0
2509		0		0		0
2510		0		0		0
2511		0		0		0
2512		0		0		0
2513		0		0		0
2514		0		0		0
2515		0		0		0
2516		0		0		0
2517		0		0		0
2518		0		0		0
2519		0		0		0
2520		0		0		0
2521		0		0		0
2522		0		0		0
2523		0		0		0
2524		0		0		0
2525		0		0		0
2526		0		0		0
2527		0		0		0
2528		0		0		0
2529		0		0		0
2530		0		0		0
2531		0		0		0
2532		0		0		0
2533		0		0		0
2534		0		0		0
2535		0		0		0
2536		0		0		0
2537		1		0		0
2538		3		-129		0
2539		0		0		0
2540		1		0		0
2541		0		0		0
2542		0		0		0
2543		0		0		0
2544		0		0		0
2545		0		0		0
2546		0		0		0
2547		0		0		0
2548		0		0		0
2549		1		0		0
2550		3		-129		0
2551		0		0		0
2552		1		0		0
2553		0		0		0
2554		0		0		0
2555		0		0		0
2556		0		0		0
2557		0		0		0
2558		0		0		0
2559		0		0		0
2560		0		0		0
2561		0		0		0
2562		0		0		0
2563		0		0		0
2564		0		0		0
2565		0		0		0
2566		0		0		0
2567		0		0		0
2568		0		0		0
2569		0		0		0
2570		0		0		0
2571		0		0		0
2572		0		0		0
2573		0		0		0
2574		0		0		0
2575		0		0		0
2576		0		0		0
2577		0		0		0
2578		0		0		0
2579		0		0		0
2580		0		0		0
2581		0		0		0
2582		0		0		0
2583		0		0		0
2584		0		0		0
2585		0		0		0
2586		0		0		0
2587		0		0		0
2588		0		0		0
2589		0		0		0
2590		0		0		0
2591		0		0		0
2592		0		0		0
2593		0		0		0
2594		0		0		0
2595		0		0		0
2596		0		0		0
2597		0		0		0
2598		0		0		0
2599		0		0		0
2600		0		0		0
2601		0		0		0
2602		3		-130		0
2603		0		0		0
2604		0		0		0
2605		0		0		0
2606		9		-132		0
2607		0		0		0
2608		18		-131		0
2609		0		0		0
2610		3		-130		0
2611		9		-132		0
2612		0		0		0
2613		0		0		0
2614		6		-131		0
2615		0		0		0
2616		1		0		0
2617		0		0		0
2618		0		0		0
2619		0		0		0
2620		0		0		0
2621		0		0		0
2622		0		0		0
2623		0		0		0
2624		0		0		0
2625		0		0		0
2626		0		0		0
2627		3		-130		0
2628		0		0		0
2629		4		-131		0
2630		0		0		0
2631		0		0		0
2632		0		0		0
2633		0		0		0
2634		0		0		0
2635		0		0		0
2636		0		0		0
2637		0		0		0
2638		3		-130		0
2639		2		45		0
2640		0		0		0
2641		0		0		0
2642		0		0		0
2643		0		0		0
2644		0		0		0
2645		0		0		0
2646		1		0		0
2647		0		0		0
2648		0		0		0
2649		0		0		0
2650		0		0		0
2651		0		0		0
2652		0		0		0
2653		0		0		0
2654		0		0		0
2655		0		0		0
2656		0		0		0
2657		0		0		0
2658		0		0		0
2659		0		0		0
2660		0		0		0
2661		0		0		0
2662		1		0		0
2663		4		-130		0
2664		4		-130		0
2665		0		0		0
2666		0		0		0
2667		0		0		0
2668		0		0		0
2669		0		0		0
2670		0		0		0
2671		0		0		0
2672		0		0		0
2673		1		0		0
2674		2		45		0
2675		2		45		0
2676		0		0		0
2677		0		0		0
2678		0		0		0
2679		0		0		0
2680		0		0		0
2681		0		0		0
2682		0		0		0
2683		0		0		0
2684		0		0		0
2685		0		0		0
2686		0		0		0
2687		0		0		0
2688		0		0		0
2689		0		0		0
2690		0		0		0
2691		0		0		0
2692		0		0		0
2693		0		0		0
2694		3		-130		0
2695		3		-130		0
2696		1		0		0
2697		0		0		0
2698		0		0		0
2699		0		0		0
2700		0		0		0
2701		0		0		0
2702		0		0		0
2703		0		0		0
2704		0		0		0
2705		1		0		0
2706		1		0		0
2707		0		0		0
2708		0		0		0
2709		0		0		0
2710		0		0		0
2711		0		0		0
2712		0		0		0
2713		0		0		0
2714		0		0		0
2715		0		0		0
2716		0		0		0
2717		0		0		0
2718		0		0		0
2719		0		0		0
2720		0		0		0
2721		0		0		0
2722		0		0		0
2723		0		0		0
2724		0		0		0
2725		0		0		0
2726		0		0		0
2727		0		0		0
2728		0		0		0
2729		0		0		0
2730		0		0		0
2731		0		0		0
2732		1		0		0
2733		1		0		0
2734		1		0		0
2735		1		0		0
2736		0		0		0
2737		0		0		0
2738		0		0		0
2739		0		0		0
2740		0		0		0
2741		0		0		0
2742		0		0		0
2743		0		0		0
2744		0		0		0
2745		0		0		0
2746		0		0		0
2747		0		0		0
2748		0		0		0
2749		0		0		0
2750		0		0		0
2751		0		0		0
2752		0		0		0
2753		0		0		0
2754		0		0		0
2755		0		0		0
2756		0		0		0
2757		0		0		0
2758		0		0		0
2759		0		0		0
2760		0		0		0
2761		0		0		0
2762		0		0		0
2763		0		0		0
2764		0		0		0
2765		0		0		0
2766		1		0		0
2767		0		0		0
2768		3		-129		0
2769		1		0		0
2770		0		0		0
2771		0		0		0
2772		0		0		0
2773		0		0		0
2774		0		0		0
2775		0		0		0
2776		0		0		0
2777		0		0		0
2778		0		0		0
2779		0		0		0
2780		1		0		0
2781		3		-129		0
2782		0		0		0
2783		1		0		0
2784		0		0		0
2785		0		0		0
2786		0		0		0
2787		0		0		0
2788		0		0		0
2789		0		0		0
2790		0		0		0
2791		0		0		0
2792		0		0		0
2793		0		0		0
2794		0		0		0
2795		0		0		0
2796		0		0		0
2797		0		0		0
2798		0		0		0
2799		0		0		0
2800		0		0		0
2801		0		0		0
2802		0		0		0
2803		0		0		0
2804		0		0		0
2805		0		0		0
2806		0		0		0
2807		0		0		0
2808		0		0		0
2809		0		0		0
2810		0		0		0
2811		0		0		0
2812		0		0		0
2813		0		0		0
2814		0		0		0
2815		0		0		0
2816		0		0		0
2817		0		0		0
2818		0		0		0
2819		0		0		0
2820		0		0		0
2821		0		0		0
2822		0		0		0
2823		0		0		0
2824		0		0		0
2825		0		0		0
2826		0		0		0
2827		0		0		0
2828		0		0		0
2829		0		0		0
2830		0		0		0
2831		0		0		0
2832		0		0		0
2833		0		0		0
2834		0		0		0
2835		0		0		0
2836		0		0		0
2837		0		0		0
2838		0		0		0
2839		0		0		0
2840		0		0		0
2841		0		0		0
2842		0		0		0
2843		0		0		0
2844		0		0		0
2845		0		0		0
2846		0		0		0
2847		0		0		0
2848		0		0		0
2849		0		0		0
2850		0		0		0
2851		0		0		0
2852		0		0		0
2853		0		0		0
2854		0		0		0
2855		0		0		0
2856		0		0		0
2857		0		0		0
2858		0		0		0
2859		0		0		0
2860		0		0		0
2861		0		0		0
2862		0		0		0
2863		0		0		0
2864		0		0		0
2865		0		0		0
2866		0		0		0
2867		0		0		0
2868		0		0		0
2869		0		0		0
2870		0		0		0
2871		0		0		0
2872		0		0		0
2873		0		0		0
2874		0		0		0
2875		0		0		0
2876		0		0		0
2877		0		0		0
2878		0		0		0
2879		0		0		0
2880		0		0		0
2881		0		0		0
2882		0		0		0
2883		0		0		0
2884		0		0		0
2885		0		0		0
2886		0		0		0
2887		0		0		0
2888		0		0		0
2889		0		0		0
2890		0		0		0
2891		0		0		0
2892		0		0		0
2893		0		0		0
2894		0		0		0
2895		0		0		0
2896		0		0		0
2897		0		0		0
2898		0		0		0
2899		0		0		0
2900		0		0		0
2901		0		0		0
2902		0		0		0
2903		0		0		0
2904		0		0		0
2905		0		0		0
2906		0		0		0
2907		0		0		0
2908		0		0		0
2909		0		0		0
2910		0		0		0
2911		0		0		0
2912		1		0		0
2913		0		0		0
2914		0		0		0
2915		0		0		0
2916		0		0		0
2917		0		0		0
2918		0		0		0
2919		0		0		0
2920		0		0		0
2921		1		0		0
2922		0		0		0
2923		0		0		0
2924		0		0		0
2925		0		0		0
2926		0		0		0
2927		0		0		0
2928		0		0		0
2929		0		0		0
2930		0		0		0
2931		0		0		0
2932		0		0		0
2933		0		0		0
2934		0		0		0
2935		0		0		0
2936		0		0		0
2937		0		0		0
2938		0		0		0
2939		0		0		0
2940		0		0		0
2941		0		0		0
2942		0		0		0
2943		0		0		0
2944		0		0		0
2945		0		0		0
2946		0		0		0
2947		0		0		0
2948		0		0		0
2949		0		0		0
2950		0		0		0
2951		0		0		0
2952		0		0		0
2953		0		0		0
2954		0		0		0
2955		0		0		0
2956		0		0		0
2957		0		0		0
2958		0		0		0
2959		1		0		0
2960		0		0		0
2961		1		0		0
2962		0		0		0
2963		1		0		0
2964		0		0		0
2965		0		0		0
2966		1		0		0
2967		0		0		0
2968		1		0		0
2969		0		0		0
2970		1		0		0
2971		0		0		0
2972		0		0		0
2973		1		0		0
2974		0		0		0
2975		1		0		0
2976		0		0		0
2977		1		0		0
2978		0		0		0
2979		0		0		0
2980		0		0		0
2981		0		0		0
2982		0		0		0
2983		0		0		0
2984		0		0		0
2985		0		0		0
2986		0		0		0
2987		0		0		0
2988		0		0		0
2989		0		0		0
2990		0		0		0
2991		0		0		0
2992		0		0		0
2993		0		0		0
2994		0		0		0
2995		0		0		0
2996		0		0		0
2997		0		0		0
2998		0		0		0
2999		0		0		0
3000		0		0		0
3001		0		0		0
3002		0		0		0
3003		0		0		0
3004		1		0		0
3005		1		0		0
3006		0		0		0
3007		1		0		0
3008		0		0		0
3009		2		45		0
3010		2		45		0
3011		0		0		0
3012		2		45		0
3013		0		0		0
3014		0		0		0
3015		0		0		0
3016		0		0		0
3017		0		0		0
3018		0		0		0
3019		0		0		0
3020		0		0		0
3021		0		0		0
3022		0		0		0
3023		0		0		0
3024		0		0		0
3025		0		0		0
3026		1		0		0
3027		3		-129		0
3028		0		0		0
3029		1		0		0
3030		3		-129		0
3031		0		0		0
3032		1		0		0
3033		0		0		0
3034		0		0		0
3035		1		0		0
3036		3		-129		0
3037		0		0		0
3038		1		0		0
3039		3		-129		0
3040		0		0		0
3041		1		0		0
3042		0		0		0
3043		0		0		0
3044		0		0		0
3045		0		0		0
3046		0		0		0
3047		0		0		0
3048		0		0		0
3049		0		0		0
3050		0		0		0
3051		0		0		0
3052		0		0		0
3053		0		0		0
3054		0		0		0
3055		0		0		0
3056		0		0		0
3057		0		0		0
3058		0		0		0
3059		0		0		0
3060		0		0		0
3061		0		0		0
3062		0		0		0
3063		0		0		0
3064		0		0		0
3065		0		0		0
3066		0		0		0
3067		3		-130		0
3068		0		0		0
3069		4		-131		0
3070		0		0		0
3071		0		0		0
3072		0		0		0
3073		0		0		0
3074		0		0		0
3075		0		0		0
3076		3		-130		0
3077		0		0		0
3078		4		-131		0
3079		0		0		0
3080		0		0		0
3081		0		0		0
3082		0		0		0
3083		0		0		0
3084		0		0		0
3085		0		0		0
3086		0		0		0
3087		0		0		0
3088		0		0		0
3089		1		0		0
3090		4		-130		0
3091		4		-130		0
3092		0		0		0
3093		0		0		0
3094		0		0		0
3095		1		0		0
3096		4		-130		0
3097		4		-130		0
3098		0		0		0
3099		0		0		0
3100		0		0		0
3101		0		0		0
3102		3		-130		0
3103		0		0		0
3104		0		0		0
3105		0		0		0
3106		0		0		0
3107		0		0		0
3108		3		-130		0
3109		3		-130		0
3110		1		0		0
3111		0		0		0
3112		0		0		0
3113		0		0		0
3114		0		0		0
3115		0		0		0
3116		1		0		0
3117		0		0		0
3118		0		0		0
3119		0		0		0
3120		0		0		0
3121		0		0		0
3122		1		0		0
3123		1		0		0
3124		0		0		0
3125		0		0		0
3126		0		0		0
3127		0		0		0
3128		0		0		0
3129		0		0		0
3130		1		0		0
3131		1		0		0
3132		1		0		0
3133		0		0		0
3134		0		0		0
3135		0		0		0
3136		0		0		0
3137		0		0		0
3138		0		0		0
3139		0		0		0
3140		0		0		0
3141		0		0		0
3142		3		-129		0
3143		0		0		0
3144		0		0		0
3145		0		0		0
3146		1		0		0
3147		3		-129		0
3148		0		0		0
3149		3		-129		0
3150		1		0		0
3151		0		0		0
3152		0		0		0
3153		0		0		0
3154		0		0		0
3155		1		0		0
3156		3		-129		0
3157		0		0		0
3158		1		0		0
3159		0		0		0
3160		0		0		0
3161		0		0		0
3162		0		0		0
3163		0		0		0
3164		0		0		0
3165		0		0		0
3166		0		0		0
3167		0		0		0
3168		1		0		0
3169		0		0		0
3170		0		0		0
3171		1		0		0
3172		2		45		0
3173		0		0		0
3174		0		0		0
3175		0		0		0
3176		0		0		0
3177		1		0		0
3178		1		0		0
3179		1		0		0
3180		1		0		0
3181		1		0		0
3182		1		0		0
3183		1		0		0
3184		1		0		0
3185		0		0		0
3186		0		0		0
3187		0		0		0
3188		0		0		0
3189		0		0		0
3190		0		0		0
3191		0		0		0
3192		0		0		0
3193		0		0		0
3194		0		0		0
3195		0		0		0
3196		0		0		0
3197		0		0		0
3198		0		0		0
3199		3		-129		0
3200		6		-130		0
3201		1		0		0
3202		3		-129		0
3203		6		-130		0
3204		1		0		0
3205		3		-130		0
3206		0		0		0
3207		4		-133		0
3208		0		0		0
3209		4		-131		0
3210		0		0		0
3211		3		-130		0
3212		0		0		0
3213		2		45		0
3214		0		0		0
3215		1		0		0
3216		2		45		0
3217		2		45		0
3218		4		-129		0
3219		4		-129		0
3220		0		0		0
3221		1		0		0
3222		2		45		0
3223		3		-130		0
3224		3		-130		0
3225		3		-130		0
3226		3		-130		0
3227		0		0		0
3228		3		-130		0
3229		0		0		0
3230		0		0		0
3231		3		-130		0
3232		0		0		0
3233		6		-131		0
3234		1		0		0
3235		3		-129		0
3236		6		-130		0
3237		10		-132		0
3238		0		0		0
3239		6		-131		0
3240		0		0		0
3241		0		0		0
3242		0		0		0
3243		0		0		0
3244		3		-130		0
3245		6		-131		0
3246		10		-133		0
3247		10		-133		0
3248		6		-131		0
3249		3		-130		0
3250		0		0		0
3251		1		0		0
3252		0		0		0
3253		6		-131		0
3254		36		-131		0
3255		6		-131		0
3256		3		-129		0
3257		0		0		0
3258		6		-131		0
3259		0		0		0
3260		1		0		0
3261		0		0		0
3262		0		0		0
3263		10		-131		0
3264		6		-130		0
3265		0		0		0
3266		0		0		0
3267		0		0		0
3268		0		0		0
3269		0		0		0
3270		0		0		0
3271		0		0		0
3272		0		0		0
3273		0		0		0
3274		10		-131		0
3275		6		-131		0
3276		0		0		0
3277		3		-129		0
3278		1		0		0
3279		0		0		0
3280		6		-131		0
3281		3		-129		0
3282		0		0		0
3283		6		-131		0
3284		6		-131		0
3285		1		0		0
3286		1		0		0
3287		0		0		0
3288		0		0		0
3289		3		-130		0
3290		0		0		0
3291		0		0		0
3292		1		0		0
3293		0		0		0
3294		0		0		0
3295		0		0		0
3296		0		0		0
3297		0		0		0
3298		0		0		0
3299		3		-130		0
3300		0		0		0
3301		1		0		0
3302		0		0		0
3303		0		0		0
3304		0		0		0
3305		0		0		0
3306		0		0		0
3307		3		-129		0
3308		1		0		0
3309		6		-130		0
3310		2		45		0
3311		7		-133		0
3312		0		0		0
3313		10		-131		0
3314		0		0		0
