121314151617181929
121314151617182829
121314151617272829
121314151626272829
121314152526272829
121314242526272829
121323242526272829
131415161718192939
131415161718282939
131415161718283839
131415161727282939
131415161727283839
131415161727373839
131415162627282939
131415162627283839
131415162627373839
131415162636373839
131415252627282939
131415252627283839
131415252627373839
131415252636373839
131415253536373839
131424252627282939
131424252627283839
131424252627373839
131424252636373839
131424253536373839
131424343536373839
132324252627282939
132324252627283839
132324252627373839
132324252636373839
132324253536373839
132324343536373839
141516171819293949
141516171828293949
141516171828383949
141516171828384849
141516172728293949
141516172728383949
141516172728384849
141516172737383949
141516172737384849
141516172737474849
141516262728293949
141516262728383949
141516262728384849
141516262737383949
141516262737384849
141516262737474849
141516263637383949
141516263637384849
141516263637474849
141516263646474849
141525262728293949
141525262728383949
141525262728384849
141525262737383949
141525262737384849
141525262737474849
141525263637383949
141525263637384849
141525263637474849
141525263646474849
141525353637383949
141525353637384849
141525353637474849
141525353646474849
141525354546474849
142425262728293949
142425262728383949
142425262728384849
142425262737383949
142425262737384849
142425262737474849
142425263637383949
142425263637384849
142425263637474849
142425263646474849
142425353637383949
142425353637384849
142425353637474849
142425353646474849
142425354546474849
142434353637383949
142434353637384849
142434353637474849
142434353646474849
142434354546474849
151617273747575859
151626273747575859
151626363747575859
151626364647575859
151626364656575859
152526273747575859
152526363747575859
152526364647575859
152526364656575859
152535363747575859
152535364647575859
152535364656575859
152535454647575859
152535454656575859
