0 0
1 1
2 1
3 2
4 2
5 1
6 2
7 2
8 1
9 2
10 2
11 2
12 1
13 2
14 2
15 2
16 2
17 2
18 2
23 2
28 2
33 1
34 1
35 2
36 2
37 2
38 2
39 2
40 2
43 2
47 2
53 1
54 2
55 1
56 2
57 2
58 2
59 2
61 2
64 2
65 2
66 2
70 2
71 2
72 2
81 1
82 2
83 2
84 2
86 2
89 2
92 2
93 2
100 2
101 2
102 2
103 2
104 2
106 2
107 2
108 2
111 2
115 2
116 2
118 2
121 2
122 2
124 2
125 2
136 2
137 2
139 2
147 2
148 2
149 2
153 2
155 2
166 2
168 2
176 1
177 2
181 2
182 2
195 2
207 2
208 2
209 2
212 2
213 2
218 2
219 2
221 2
229 2
237 1
238 1
239 1
241 1
287 2
291 2
292 2
294 2
295 2
296 2
297 2
305 2
306 2
342 2
346 2
392 2
395 2
421 2
430 2
435 2
436 2
437 2
439 2
440 2
444 2
448 2
451 1
452 1
453 1
454 2
455 2
456 2
462 1
465 2
469 2
470 2
472 2
474 1
477 2
486 2
488 2
499 2
509 2
511 1
513 1
514 1
541 2
542 2
551 2
553 1
585 2
587 1
616 2
627 2
629 1
665 2
666 2
702 1
703 2
704 1
705 2
706 2
707 2
713 2
714 1
719 1
720 2
721 2
722 2
724 2
727 2
730 2
734 2
735 2
736 2
738 2
739 2
740 2
743 2
744 2
746 2
751 2
752 2
754 2
756 2
762 1
765 2
766 2
774 1
777 2
784 2
787 2
788 2
789 2
807 2
808 2
810 2
812 2
820 2
839 2
840 1
842 2
849 2
852 2
874 2
875 1
877 2
879 2
891 2
895 2
900 2
921 2
922 2
924 2
948 2
949 2
950 2
957 1
958 1
1079 2
1080 2
1081 2
1083 2
1086 2
1091 1
1092 2
1095 2
1100 2
1102 2
1108 2
1112 2
1131 2
1150 2
1174 2
1227 2
1241 2
1253 2
1267 2
1287 2
1288 2
1289 2
1291 1
1292 2
1293 2
1294 2
1295 2
1298 2
1302 2
1303 2
1305 2
1308 2
1309 1
1310 2
1311 2
1312 2
1317 2
1319 2
1322 2
1323 2
1328 1
1329 2
1330 2
1336 2
1337 2
1343 2
1349 2
1366 2
1375 0
1403 1
1428 1
1467 2
1469 1
1471 1
1499 2
1523 2
1524 2
1526 2
1529 2
1531 2
1537 2
1551 2
1598 2
1599 2
1601 2
1602 2
1605 2
1606 2
1608 2
1610 2
1612 2
1614 2
1618 2
1619 2
1621 2
1622 2
1635 2
1640 1
1655 2
1669 2
1689 1
1690 1
1792 2
1793 2
1795 2
1797 2
1799 2
1803 2
1900 2
1908 1
1909 2
1910 2
1911 2
1916 2
1919 2
1920 2
1924 2
1954 2
1976 2
2004 2
2008 2
2010 2
2021 2
2031 2
2038 2
2048 2
2058 2
2059 2
2062 2
2063 2
2066 2
2067 2
2077 2
2100 2
2163 2
2165 2
2169 2
2243 1
2244 2
2245 2
2246 2
2248 2
2251 2
2254 2
2255 2
2259 2
2282 2
2302 2
2333 2
2341 2
2349 2
2361 2
2372 2
2373 2
2376 2
2377 2
2385 2
2458 2
2459 2
2535 2
2536 2
2538 2
2541 2
2544 2
2548 2
2552 2
2558 2
2560 2
2566 2
2571 2
2572 2
2573 2
2576 2
2579 2
2582 2
2584 2
2589 2
2595 2
2605 2
2606 2
2607 2
2610 2
2614 2
2615 2
2620 2
2626 2
2647 2
2648 2
2649 2
2650 2
2653 1
2656 2
2659 2
2661 2
2669 2
2671 2
2673 2
2715 2
2741 2
2742 2
2764 2
2768 1
2769 1
2774 2
2776 1
2786 2
2805 2
2841 1
2844 2
2849 2
2851 2
2858 2
2869 1
2871 2
2873 2
2935 2
2939 2
2944 2
2955 2
2976 2
3001 2
3002 2
3048 2
3049 2
3339 2
3362 2
3368 2
3519 2
3525 2
3638 2
3642 2
3645 2
3652 2
3653 2
3656 2
3672 2
3673 2
3677 2
3680 2
3688 2
3738 2
3742 2
3753 2
3775 2
3777 2
3779 2
3788 2
3790 2
3817 2
3828 2
3829 2
3830 2
3842 2
3845 2
3853 2
3875 2
4099 2
4104 2
4105 2
4216 2
4222 2
4309 2
4310 2
4318 2
4319 2
4323 2
4360 2
4371 2
4377 2
4381 2
4424 2
4443 2
4451 2
4453 2
4471 2
4473 2
4529 2
4530 2
4651 2
4652 2
4653 2
4763 2
4772 2
4866 2
4867 2
4871 2
4908 2
4911 2
4912 2
4916 2
4917 2
4921 2
4969 2
4970 2
4971 2
4974 2
5001 2
5005 2
5026 2
5027 2
5028 2
5029 2
5030 2
5031 2
5085 2
5087 2
5097 2
5099 2
5224 2
5226 2
5227 2
5358 2
5361 2
5366 2
5401 2
5407 2
5524 2
5525 2
5529 2
5539 2
5566 2
5604 2
5618 2
5621 2
5649 2
5656 2
5659 2
5677 2
5682 2
5703 2
5704 2
5710 2
5712 2
5716 2
5722 2
5751 2
5816 2
5927 2
5965 2
6122 2
6221 2
6319 2
6322 2
6324 2
6327 2
6711 2
6714 2
6719 2
7016 2
7454 2
7560 2
7576 2
7608 2
7611 2
7618 2
7639 2
7686 2
7692 2
7768 2
7776 2
7886 2
8196 2
8199 2
8202 2
8835 2
8846 2
8870 2
8890 2
8910 2
8916 2
8965 2
8971 2
9022 2
9053 2
9496 2
9813 2
9822 2
9892 2
9901 2
9924 2
10188 2
10861 2
10862 2
10864 2
10870 2
10877 2
10936 2
10945 2
10954 2
10960 2
10971 2
10980 2
10992 2
10998 2
11016 2
11123 2
11169 2
11956 2
11957 2
11969 2
11970 2
11972 2
11976 2
11977 2
11986 2
11988 2
11999 2
12009 2
12011 2
12016 2
12051 2
12053 2
12085 2
12087 2
12091 2
12127 2
12129 2
12133 2
12202 2
12331 2
12370 2
12372 2
12375 2
12377 2
12383 2
12550 2
12555 2
12729 2
12738 2
12750 2
12761 2
12769 2
12780 2
12782 2
13082 2
13086 2
13097 2
13120 1
13135 2
13136 2
13153 2
13321 2
13332 2
13367 2
13544 2
13601 2
13754 2
13999 2
14003 2
14007 2
14010 2
14388 2
14393 2
14688 2
14695 2
15113 2
15116 2
15364 2
15584 2
15585 2
15748 2
15751 2
16033 2
16072 2
16075 2
16116 2
16494 2
16497 2
16500 2
16503 2
16966 2
17031 2
17631 2
17634 2
17637 2
17640 2
18799 2
18800 2
18802 2
18805 2
18811 1
18812 1
18814 2
18815 1
18816 1
18819 2
18820 2
18822 2
18827 2
18828 2
18830 2
18832 2
18838 1
18839 2
18841 2
18842 2
18848 1
18850 1
18853 2
18869 1
18884 1
18886 2
18888 2
18892 1
18899 1
18916 1
18918 2
18922 1
18923 1
18950 2
18951 1
18953 2
18955 2
18973 1
18974 1
18993 2
19026 2
19028 2
19031 2
19037 2
19039 2
19044 2
19046 2
19052 2
19056 2
19059 2
19075 2
19077 2
19094 2
19096 2
19097 2
19118 2
19120 2
19134 2
19191 1
19192 1
19194 1
19196 2
19197 2
19199 2
19201 2
19202 1
19204 2
19206 2
19210 2
19211 1
19213 2
19214 2
19228 2
19236 2
19257 1
19308 2
19310 2
19312 2
19314 2
19318 2
19388 2
19389 1
19391 2
19392 1
19394 2
19400 2
19425 2
19428 2
19487 2
19489 2
19548 2
19552 1
19554 2
19556 2
19563 1
19565 2
19577 2
19578 1
19580 1
19582 2
19612 2
19616 2
19621 2
19632 2
19702 2
19888 2
19890 2
19892 2
19893 2
19897 2
19899 2
19908 2
19909 1
19911 2
19913 2
19939 2
19942 2
19950 2
19961 2
20132 2
20135 2
20136 2
20138 2
20155 2
20163 2
20327 2
20328 2
20330 2
20347 2
20349 2
20370 2
20371 2
20443 2
20543 1
20545 2
20560 2
20574 2
20580 2
20591 2
20593 2
20602 2
20604 2
20607 2
20612 2
20613 2
20856 2
20858 2
21391 1
21393 2
21408 2
21423 2
21583 2
21589 2
22041 1
22043 2
22047 2
22054 2
22058 2
22069 2
22203 2
22217 2
22220 2
22683 1
22685 2
22700 2
22761 2
22840 2
22851 2
22854 2
23498 2
23499 1
23501 2
23508 1
23518 2
23529 2
23580 2
23759 2
23771 2
23777 2
23783 2
23824 2
23868 2
23883 2
23884 2
23886 2
24000 2
24002 2
24006 2
24008 2
24217 2
24522 2
24528 2
24534 2
25950 2
26580 2
26915 2
26916 2
26967 2
27241 2
27640 2
28458 2
28460 2
28464 2
28466 2
28472 2
28476 2
28495 2
28514 2
28538 2
28612 2
28615 2
28685 2
28768 2
28773 2
28784 2
28913 1
28916 2
28924 2
29029 2
29037 2
29073 2
29157 2
29292 1
29329 1
29330 1
29331 1
29332 1
29497 1
29500 1
29628 1
29688 2
29819 1
29821 1
29989 1
30140 1
30142 1
30296 1
30310 1
30328 1
30359 1
30368 1
30525 1
30527 1
30529 1
30531 1
30851 1
30853 1
31014 2
31015 2
31017 2
31018 2
31020 2
31052 1
31054 1
31056 1
31585 2
31597 2
31613 2
31627 2
31634 2
33242 2
33243 2
33245 2
33248 1
33249 2
33250 2
33251 2
33253 2
33256 2
33258 2
33261 2
33266 1
33267 2
33268 2
33274 2
33275 2
33280 2
33286 2
33293 2
33295 2
33297 2
33298 2
33303 2
33310 2
33321 2
33370 2
33372 2
33373 1
33376 2
33381 2
33442 1
33443 2
33447 2
33448 2
33450 1
33451 2
33452 2
33453 2
33455 2
33458 2
33461 2
33462 2
33476 2
33478 2
33487 2
33488 2
33492 2
33504 2
33524 2
33528 2
33530 2
33560 2
33565 2
33613 2
33614 2
33616 2
33618 2
33673 2
33674 2
33681 2
33685 2
33686 1
33696 2
33707 2
33727 2
33793 2
33798 2
33843 2
33868 2
33873 2
33883 2
33890 2
33906 2
33924 2
33926 1
33936 2
33938 2
33940 2
34011 2
34014 2
34019 2
34022 2
34028 2
34039 2
34042 1
34044 2
34098 2
34126 2
34130 2
34135 2
34146 2
34249 2
34274 2
34277 2
34281 2
34289 2
34292 2
34294 2
34373 2
34376 2
34384 2
34397 2
34403 2
34470 2
34484 2
34487 2
34497 2
34499 2
34521 2
34551 2
34559 2
34569 2
34578 2
34651 2
34655 2
34660 2
34672 2
34678 2
34683 2
34685 2
34689 2
34691 2
34706 2
34728 2
34744 2
34746 2
34747 2
34748 2
34771 2
34774 2
34807 2
34864 2
34869 2
34882 2
34885 2
34895 2
34901 2
34944 2
34948 2
34956 2
34959 2
34971 2
35009 2
35013 2
35020 2
35149 2
35157 2
35453 2
35461 2
35466 2
35468 2
35588 2
35590 2
35718 2
35751 2
35760 2
35768 2
35801 2
35802 2
35813 2
35899 2
36335 2
36359 2
36367 2
36405 2
36414 2
36449 2
36968 2
36986 2
36995 2
37031 2
37042 2
37780 2
37804 2
37813 2
37857 2
37865 2
37866 2
37873 2
37881 2
37886 2
37892 2
37899 2
38297 2
39564 2
39569 2
39745 1
41376 2
41377 1
41379 2
41381 2
41386 2
41388 2
41389 2
41405 2
41480 2
41482 2
41485 2
41488 2
41533 1
41535 2
41565 2
41611 2
41637 2
41641 2
41647 2
41653 2
41765 2
41831 2
41835 2
41839 2
41933 2
41937 2
42011 2
42084 2
42085 2
42087 2
42090 2
42111 2
42184 2
42514 2
42575 2
42849 2
42889 2
43141 2
43142 2
43175 2
43180 2
43498 2
43552 2
43555 2
43559 2
43564 2
44588 2
46035 2
46038 2
46199 2
46511 2
46655 1
48271 1
48272 2
48276 2
48280 2
48281 2
48286 2
48297 2
48298 2
48299 2
48302 2
48313 2
48314 2
48334 2
48335 2
48337 2
48366 2
48395 2
48396 2
48403 2
48407 2
48418 2
48429 2
48449 2
48492 2
48547 2
48551 2
48552 2
48553 2
48555 2
48560 2
48561 2
48572 2
48573 1
48575 2
48612 2
48616 2
48621 2
48632 2
48695 2
48698 2
48699 2
48707 2
48708 2
48710 2
48744 2
48747 2
48755 2
48795 2
48811 2
48812 2
48826 2
48834 2
48906 2
48909 2
48925 2
48927 2
48991 2
48992 2
48993 2
49003 2
49032 2
49115 2
49355 2
49356 2
49357 2
49364 2
49383 2
49439 2
49476 2
49641 2
49642 2
49643 2
49650 2
49670 2
49704 2
49969 2
49970 2
49971 2
50371 2
50372 2
50409 2
50411 2
50454 2
51218 2
51922 2
52448 2
52449 2
53967 2
53969 2
54031 2
54033 2
54149 2
54153 2
54155 2
55308 1
56405 2
56409 2
56541 2
56546 2
56557 2
56587 2
56806 2
56813 0
56841 2
56916 2
56919 2
56994 2
57008 2
57175 2
57375 0
57381 2
57384 2
57502 2
57673 2
57682 2
57685 2
57803 2
58104 2
59082 2
59090 2
59232 2
59348 2
59534 1
59647 2
59819 2
60908 2
60911 2
61176 2
61179 2
61182 2
61291 2
61294 2
61297 2
61953 2
61956 1
61957 1
61962 2
61974 2
61993 2
62028 2
62032 2
62034 2
62036 2
62043 1
62045 2
62057 1
62059 2
62061 2
62124 2
62128 2
62133 2
62144 2
62179 2
62186 2
62187 2
62189 2
62192 2
62195 2
62209 2
62210 2
62214 2
62217 2
62220 2
62277 2
62281 2
62292 2
62312 2
62317 2
62319 2
62328 2
62330 2
62332 2
62362 2
62387 2
62390 2
62398 2
62525 2
62531 2
62532 2
62534 2
62540 2
62544 2
62595 2
62601 2
62605 2
62617 2
62619 2
62621 2
62623 2
62627 1
62683 2
62691 2
62730 2
62747 2
62825 2
62867 2
62869 2
62872 2
62873 2
62874 2
62875 2
62876 2
62879 2
62930 2
62938 2
62946 2
62957 2
62959 2
62961 2
62963 2
63081 2
63093 2
63099 2
63198 2
63270 2
63333 1
63366 1
63389 1
63409 1
63525 2
63528 2
63532 2
63731 2
63760 2
63762 2
63766 2
63850 1
63852 1
63872 2
63928 2
64061 2
64170 1
64395 2
64414 2
64418 2
64492 1
64493 1
64494 1
64556 2
64761 1
64922 2
64924 2
64928 2
64930 2
64999 1
65000 1
65001 1
65002 1
65091 2
65333 1
65498 2
65504 2
65508 2
65510 2
65597 2
65598 2
65685 2
65688 2
66163 1
66321 2
66342 2
66392 2
66398 2
66402 2
66404 2
66466 2
66468 2
66470 2
66522 2
66523 2
66525 2
66526 2
66692 2
66695 2
66710 2
66977 2
66984 2
67837 2
67845 2
67849 2
67858 2
67860 2
67868 2
67879 2
67881 2
67946 2
67957 2
67964 2
68054 2
68272 2
68282 2
68289 2
68297 2
68340 2
68344 2
68347 2
68532 2
68556 2
68560 2
68563 2
68727 2
68922 2
68973 2
69182 2
69663 1
69665 2
69667 2
69673 2
69684 2
69694 2
69699 2
69710 2
69735 2
69740 2
69742 2
69751 1
69753 2
69755 2
69779 2
69782 2
69790 2
69845 1
69847 2
69862 2
69870 2
69940 2
69942 2
70081 2
70085 2
70088 2
70092 2
70281 2
70452 2
70619 2
70842 2
72068 2
72073 2
72084 2
72109 2
72117 2
72155 2
72265 2
72455 1
72555 1
72557 1
72974 2
73024 2
73026 2
73028 2
73030 2
73066 2
73068 2
73070 2
73298 2
73316 2
73318 2
73357 2
73361 2
73366 2
73377 2
73443 2
73447 2
73456 1
73458 2
73512 2
73515 2
73523 2
73593 1
73635 2
73636 2
73643 2
73644 2
73705 2
73730 2
73732 2
73776 2
73777 2
73778 2
73779 2
73780 2
73805 2
73903 2
74072 2
74074 2
74077 2
74223 2
74374 2
74507 2
74624 2
74626 2
74753 2
74898 2
74900 2
75052 2
75270 2
75274 2
75287 2
75573 2
75577 2
76737 2
76829 2
76918 2
76922 2
76977 2
76983 2
77041 2
77051 2
79391 2
79948 2
80695 2
80701 2
80714 2
80731 2
80736 2
80747 2
80766 2
80769 2
80770 2
80778 2
80780 2
80803 2
80811 2
80836 2
80845 2
80853 2
80897 2
80898 2
80909 2
80911 2
82353 2
82379 2
82381 2
82386 2
82388 2
82412 2
82413 2
82418 2
82420 2
82422 2
82423 2
82547 2
82551 2
82562 2
82652 2
83025 2
83105 2
83107 2
83149 2
83151 2
83745 2
83759 2
83760 2
83764 2
83768 2
83788 2
84579 1
84584 2
84595 2
84615 2
85621 2
85643 2
85644 2
85645 2
85646 2
87304 2
87315 2
87371 2
87377 2
87378 2
87380 2
87383 2
87386 2
87390 2
87395 2
87456 2
87458 2
87490 1
87550 2
87555 2
87559 2
87563 1
87564 1
87635 2
87637 2
87691 1
87741 2
87766 2
87808 2
87809 2
87940 2
89843 2
89879 2
90008 2
90110 2
90618 2
90626 2
90664 2
90666 2
90686 2
90733 2
90752 2
90756 2
90787 2
90869 2
90870 2
90872 2
92324 2
92373 2
93205 2
93206 2
93244 2
93245 2
93292 2
93293 2
93294 2
93440 2
93442 2
93600 2
93602 2
93724 2
93728 2
93869 2
94080 2
94754 2
94876 2
94901 2
94903 2
94923 2
94924 2
94926 2
94927 2
97041 1
97044 1
97874 2
98751 2
98752 2
98753 2
98754 2
98756 2
98765 2
98772 2
98774 2
99658 2
99989 2
99990 2
100609 2
100610 2
100611 2
101151 2
101152 2
101154 1
101155 2
101159 2
101164 2
101181 2
101183 2
101234 2
101238 2
101261 2
101293 2
101427 2
101442 2
102477 2
102537 2
103142 1
103144 2
103182 2
103256 1
103340 2
103350 1
103508 1
103648 1
106132 2
106551 2
108947 2
108948 2
108949 2
108959 2
108960 2
108961 2
109685 2
109742 2
110005 2
110499 2
111037 2
111041 2
111096 2
111532 2
111538 2
111540 2
111583 2
112001 2
112750 2
112812 2
112931 2
112942 2
113841 2
117954 2
117955 2
117956 2
117958 2
119712 2
119716 2
120316 2
120318 1
120322 2
120351 2
120391 1
120393 2
120397 2
120407 2
120410 2
120417 2
120421 2
120430 2
120435 2
120437 2
120447 2
120456 2
120722 2
120728 2
120791 2
120836 2
120837 2
120841 2
120844 2
120852 2
120882 2
120902 2
120904 2
120945 2
120947 1
120951 2
120980 2
120982 2
120986 2
120996 2
120999 2
121006 2
121189 2
121192 2
121243 2
121485 2
121486 2
121490 2
121549 2
121551 1
121555 2
121569 2
121571 2
121575 2
121584 2
121585 2
121611 2
121767 2
121822 2
122191 2
122192 2
122196 2
122202 2
122240 1
122244 2
122259 2
122272 2
122274 2
122278 2
122287 2
122374 2
122377 2
122378 2
122447 2
122454 2
122477 2
122482 2
122483 2
122487 2
122559 2
122712 2
122713 2
123042 2
123210 2
123211 2
123217 2
123225 2
123255 2
123256 1
123257 2
123258 2
123275 1
123279 2
123293 2
123295 2
123309 2
123311 2
123315 2
123326 2
123327 2
123338 2
123358 2
123359 2
123366 2
123368 2
123385 2
123397 2
123621 2
123626 2
123763 2
123772 2
123778 2
123785 2
123954 2
124208 2
124445 2
124491 2
124775 2
124843 2
124937 2
125228 2
125304 2
125430 2
125432 2
125434 2
125929 2
126104 2
126111 2
126314 2
126490 2
126558 2
126600 2
126873 2
126954 2
126967 2
127422 2
127555 2
127761 2
127891 2
127904 2
127919 2
128066 2
128079 2
128090 2
128279 2
128292 2
128345 2
128572 1
128574 2
128588 2
128589 2
128590 2
128599 2
128638 2
128802 2
130225 2
130281 1
130306 2
130329 2
130360 1
130492 1
130711 1
131414 2
131417 2
131470 1
131768 2
131903 2
131925 2
131948 2
132226 2
132231 2
132237 2
132243 2
132248 2
132254 2
132261 2
133301 2
133317 2
133333 2
133340 2
133395 2
133434 2
133470 2
133528 2
133563 2
133649 2
133697 2
133700 2
133704 2
133709 2
134435 2
134990 2
134991 2
135019 2
135056 2
135057 2
135134 2
135135 2
135270 2
135271 2
135544 1
136164 2
136168 2
136170 2
136184 2
136889 2
137874 2
138129 1
138140 1
138151 1
138346 1
138589 2
138594 2
138597 2
138600 2
138605 2
138618 2
138662 1
138799 2
138802 2
138845 1
138846 1
138882 2
138888 2
138972 1
139031 2
139109 2
139110 2
139112 2
139114 2
139173 2
139175 2
139224 2
139426 1
139622 2
139716 2
139718 2
139719 2
139813 2
139822 2
139831 2
139837 2
140501 2
140504 2
140567 2
140591 2
140595 2
140598 2
140654 2
140676 2
140793 2
140957 2
141277 2
141281 2
141284 2
141288 2
141359 2
141439 2
141527 2
141649 2
142654 2
142662 2
150960 1
150983 2
151143 2
151151 2
151254 2
151590 2
151599 2
152194 2
152208 2
152217 2
152219 2
158061 2
158751 2
163177 2
163284 2
163393 2
168127 2
168139 2
168173 2
168192 1
168200 1
168247 2
168248 2
168327 2
168339 2
168365 2
168580 2
168581 2
168647 1
168651 1
168652 1
168654 2
168872 2
168873 2
168918 2
168992 2
168993 2
169063 2
169064 2
169106 1
169114 1
169118 1
169144 2
169157 2
169160 2
169209 2
169901 2
170119 2
170122 2
170578 2
170684 2
170897 2
170970 1
171325 2
171328 2
171367 2
171378 2
171578 2
171600 2
172267 2
172284 1
172310 1
172367 1
172475 1
172982 2
172984 2
173001 2
173007 2
173207 2
173780 2
174247 2
174876 2
175345 2
175357 2
175358 2
175437 2
175664 2
175870 2
176217 2
176247 2
177326 1
177346 1
177486 1
177500 1
177579 2
177583 2
177653 2
177654 2
177656 2
177657 2
177699 2
177700 2
177748 1
177759 2
177771 2
177859 2
177985 2
177991 2
177997 2
178000 2
178083 2
178086 2
178169 2
178172 2
178178 2
178181 2
178567 2
178617 2
178727 2
178963 2
178967 2
178985 2
178988 2
179019 2
179022 2
179086 2
179092 2
183985 2
184156 2
185453 2
185650 2
185969 2
188949 2
192890 2
195813 2
195814 2
195817 2
195818 2
195821 2
195822 2
195873 2
195875 2
195916 2
195965 2
196218 1
197114 2
197242 2
197244 2
197532 2
197534 2
198400 1
198733 2
199722 2
200661 2
200717 2
201360 2
201387 2
202227 2
202229 2
202233 2
202235 2
202279 1
202293 1
202304 2
202429 1
202443 1
202708 2
202717 2
202970 2
202976 2
203040 2
203046 2
203192 2
203208 2
203209 2
203216 2
203270 2
203847 2
208620 2
210902 2
217032 2
217054 2
217068 2
217082 1
217319 2
217784 2
220532 2
220555 2
220562 2
221415 2
222476 2
222490 2
222673 2
222679 2
226441 2
226537 2
229911 2
229915 2
236614 2
236631 1
236715 1
237220 2
237234 2
237271 2
237277 2
237305 2
238717 2
239012 1
241374 2
241376 2
241380 2
241382 2
242046 2
243228 2
243275 2
243281 2
244288 2
248300 2
252706 2
260389 2
260393 2
261098 2
261311 2
261324 2
261352 1
261477 2
261590 2
261604 2
261671 2
261946 1
262009 2
262286 2
262851 2
263210 2
263462 2
263909 2
263920 2
264693 2
264717 2
264759 2
265234 2
266321 2
266509 2
267145 2
267481 2
267716 2
270035 1
270109 1
270292 1
271061 2
271292 2
271454 2
276772 1
276832 2
276863 2
277169 2
277183 2
277277 2
277363 2
277440 2
277446 2
277512 2
277597 2
277711 2
277746 2
278090 2
278647 2
279544 2
280802 2
280907 2
281939 2
282618 2
283495 2
283509 2
283539 2
283551 2
286376 2
286969 2
289169 2
295383 2
295874 2
295955 2
296135 2
297856 2
301927 2
308265 2
308285 2
310703 2
310876 2
310896 2
311038 2
311239 2
336483 2
337600 2
337666 2
337688 2
340880 2
358685 2
358690 2
358711 1
358908 2
359177 2
359178 2
359179 2
359206 2
359209 2
359238 2
359933 2
359936 2
360593 2
362059 1
362116 1
362420 1
362555 2
364420 2
364504 2
364691 2
364738 2
364742 2
364753 2
365124 2
366054 2
366099 2
366579 2
368380 2
368412 2
368434 2
369292 2
399148 2
402094 2
414349 2
414364 2
414730 2
414734 2
414755 2
414756 2
414758 2
414793 2
414835 2
414869 2
415272 2
415406 2
415973 1
416012 1
416509 2
417441 2
417451 2
417713 2
417975 2
423535 2
429874 2
431615 2
431656 2
431855 2
443822 2
446195 2
457343 2
457347 2
457591 2
459508 2
465265 2
471634 2
483811 2
483820 2
498153 2
498824 2
498994 2
499261 2
499786 2
501208 2
502286 2
505783 2
509739 2
512512 2
526186 2
530231 2
545339 2
545925 2
545937 2
546209 2
546501 2
554466 2
561780 2
587892 2
587893 2
587895 2
587902 2
587908 2
587915 2
587990 2
588094 2
588096 2
588099 2
588244 2
588247 2
588470 2
589286 2
590877 1
591537 2
591538 2
591603 2
591958 2
591959 2
592553 2
593267 2
593270 2
593275 2
595486 2
597838 2
598054 2
598056 2
598060 2
598062 2
598082 2
598086 2
598096 2
598098 2
598174 2
598225 2
598282 2
598286 2
598360 2
598648 2
598680 2
598682 2
598685 2
598689 2
598700 2
598749 2
598791 2
598985 2
598991 2
598994 2
598999 2
599212 2
599215 2
599218 2
599403 2
599406 2
599600 2
599603 2
599861 2
599864 2
600323 2
600358 2
600361 2
600401 2
600462 2
604691 2
604695 2
605895 2
605896 2
605897 2
605996 2
605997 2
605998 2
606083 2
606153 2
606238 2
606239 2
607665 2
608631 2
608637 2
608934 2
610433 2
611743 2
611744 2
611985 2
612023 2
612097 2
612099 2
612171 2
612173 2
612248 2
612257 2
612258 2
612270 2
612685 2
612705 2
612751 2
612753 2
612791 2
612793 2
612830 2
612833 2
612836 1
612839 1
612844 2
612845 2
613229 2
613408 2
613410 2
613412 2
613413 2
614103 2
614184 2
614203 2
614224 2
614253 2
614344 2
614345 2
614441 2
614445 2
614446 2
614448 2
614452 2
614531 1
614669 2
614691 2
614808 1
615055 2
615085 2
615089 2
615093 2
615672 2
615854 2
615919 2
616023 2
616152 2
616320 2
617330 2
618548 2
618580 2
618610 2
618787 2
618790 2
618793 2
618827 2
618830 2
618859 2
618892 2
618895 2
619011 2
619176 2
623005 2
623006 2
623007 2
623050 2
623086 2
623129 2
623130 2
626829 2
626863 2
627095 2
628070 1
628076 2
628080 2
628081 2
628153 2
629282 2
629499 2
629500 2
629501 2
629502 2
629510 2
629511 2
629512 2
629514 2
629516 2
629517 2
629551 2
630134 2
630137 2
630138 2
630159 2
630160 2
630597 2
630600 2
630651 2
630654 2
630764 2
630767 2
632877 2
632878 2
632879 2
632911 2
632947 2
632990 2
632991 2
635702 2
635721 2
635892 2
636605 2
636606 2
636619 2
636620 2
636970 2
636971 2
636972 2
636985 2
636986 2
636987 2
637193 2
637559 2
637560 2
637562 2
637563 2
638529 2
638555 2
638627 2
638630 2
638759 2
638760 2
638769 2
638770 2
640300 2
640301 2
640302 2
640315 2
640316 2
640317 2
640363 2
640364 2
640365 2
640366 2
640367 2
640368 2
642747 2
642766 2
642917 2
645531 2
649758 2
649777 2
649914 2
650502 2
650503 2
650507 2
650520 2
650522 2
650524 2
650534 2
650535 1
650536 2
650537 1
650556 2
650765 2
651098 2
651099 2
651101 2
651546 2
652246 2
652257 2
652281 1
652285 1
654879 2
654881 2
654885 2
656043 2
656045 2
656047 2
656049 2
656051 2
656317 2
656318 2
656323 2
656326 2
657046 2
657154 2
657180 2
657223 2
657410 2
657826 2
660263 2
660867 2
661027 2
661136 2
661755 2
662523 2
662932 2
662960 2
664464 2
664481 2
667578 1
667614 2
667653 2
667655 2
667695 2
667729 2
667771 2
676150 2
676170 2
676194 2
676232 2
685864 2
685899 2
687753 2
687755 2
687759 2
687761 2
696837 2
697019 2
698512 2
698565 2
698678 2
699038 2
699380 2
700042 2
700700 2
701208 2
702864 2
702939 2
706712 2
715180 2
715215 2
716387 2
716390 2
723441 2
723690 2
724498 2
724669 2
725771 2
726901 2
728066 2
728101 2
728136 2
738786 2
738801 2
738840 2
738855 2
739913 2
739916 2
742641 2
742649 2
742661 2
746911 2
747371 2
747882 2
747927 2
748003 2
748015 2
749034 2
749076 2
749116 2
750496 2
751615 2
751635 2
751655 2
757558 2
764602 2
764603 2
764605 2
764606 2
767027 2
773427 2
774667 2
774723 2
774744 2
774796 2
775101 2
775935 2
775936 2
776130 2
776161 2
778302 2
778318 2
779737 2
779757 2
779777 2
790775 2
813203 2
813728 2
814769 2
814881 2
814953 2
816696 2
816727 2
816740 2
819608 2
822639 2
822659 2
822679 2
822699 2
839736 2
839751 2
863103 2
896566 2
896690 1
896695 1
896706 1
896822 2
896919 2
896945 2
896974 2
897004 2
897037 2
897235 1
897244 2
897250 2
897350 2
897541 1
897542 1
897543 1
897553 2
897554 2
897561 2
897562 2
897621 2
897622 2
897623 2
897632 2
897633 2
897667 2
897705 2
897858 2
897860 2
897861 2
897870 2
897871 2
897880 2
897999 2
898089 2
898136 2
898440 2
898586 2
898617 2
898770 2
899357 2
899360 2
899522 2
899620 2
899812 2
899947 2
899948 2
899949 2
899950 2
900077 1
900084 2
900093 2
900113 2
900119 2
900274 2
900281 2
900288 2
900289 2
900290 2
900506 2
900525 2
900540 2
900556 2
900560 2
900564 2
900576 2
900836 2
900838 2
900891 2
900959 2
900975 2
901160 2
901214 2
901279 2
901287 2
901451 2
901563 2
901575 2
901740 2
901743 2
901918 2
901936 2
901955 2
902033 2
902121 2
902122 2
902250 2
902251 2
902256 2
902259 2
902262 2
903069 2
903223 2
903366 2
903542 2
903549 2
903744 2
904348 2
904356 2
905039 2
905458 2
906209 2
907183 2
907188 2
907199 2
907223 1
907227 2
907235 2
907236 2
907238 2
907240 2
907266 2
907274 2
907325 2
907326 2
907328 2
907350 2
907411 2
907412 2
907459 2
907463 2
907476 2
907882 2
908118 2
908399 2
908402 2
908405 2
908408 2
908727 2
908735 2
908770 2
909628 2
909632 2
909635 2
909636 2
909637 2
909730 2
910703 2
911959 2
911965 2
912976 2
913506 2
913514 2
913517 2
913528 2
913529 2
913533 2
913534 2
913536 2
913662 2
914010 2
914941 2
915133 2
915134 2
915236 2
915356 2
915460 2
915552 2
915654 2
915874 2
916207 2
916379 2
916382 2
916386 2
917129 2
917410 2
917411 2
917413 2
917834 2
918335 2
918336 2
919683 2
920075 2
920437 2
921964 1
921984 2
921997 2
922098 1
922181 2
922237 2
922248 2
922259 1
922324 2
922340 2
922383 2
922482 2
922865 2
923010 2
923034 2
923035 2
923037 2
923193 2
923199 2
923266 2
923415 2
923423 2
923496 2
923557 2
923608 2
923633 2
923666 2
923719 2
923807 2
923811 2
923815 2
923856 2
923860 2
923948 2
924048 2
924189 2
924383 2
924384 2
924566 2
924619 2
924691 2
924935 2
925036 2
925823 2
925889 2
925991 2
926172 2
926181 2
929859 2
931179 2
931974 2
933749 2
934953 2
934979 2
935051 2
935833 2
935918 2
936044 2
936054 2
937476 2
937479 2
939461 2
939463 2
942370 2
943149 2
943152 2
943154 2
943155 2
943162 2
943163 2
943196 2
943317 2
943396 2
943980 2
943985 2
944018 2
944023 2
944126 2
944131 2
944141 2
944191 2
945198 2
945199 2
945201 2
945202 2
945214 2
945218 2
945391 2
945987 2
949292 2
949989 2
949993 2
949994 2
950045 2
950171 2
950549 2
951718 2
955409 2
955410 2
956097 2
956102 2
956178 2
956179 2
956339 2
956341 2
956894 2
957159 2
957160 2
957821 2
957907 2
957929 2
959311 2
959355 2
960519 2
960521 2
962471 2
962595 2
962660 2
962769 2
962825 2
962939 2
962953 2
963172 2
963400 2
963501 2
963857 2
964194 2
964565 2
965314 2
965334 2
965430 2
965529 2
965630 2
967714 2
968824 2
968848 2
970683 2
971127 2
971137 2
971145 2
971152 2
971162 2
971582 2
979093 2
979119 2
979157 2
981112 2
981127 2
982116 2
982662 2
982684 2
982695 2
982739 2
982783 2
984289 2
987118 2
987136 2
987160 2
988367 2
988394 2
988561 2
988589 2
996583 2
997968 2
998171 2
998665 2
998689 2
999022 2
999120 2
999344 2
999445 2
999712 2
1000393 2
1001193 2
1002373 2
1007888 2
1007901 2
1007927 2
1007938 2
1007960 2
1007969 2
1008663 2
1009345 2
1009350 2
1010773 2
1010829 2
1010874 2
1013402 2
1013405 2
1013408 2
1014452 2
1014461 2
1014479 2
1014771 2
1014775 2
1014782 2
1015394 2
1015716 2
1015732 2
1015798 2
1015826 2
1016822 2
1020372 2
1022459 2
1023831 2
1023902 2
1024033 2
1024204 2
1024228 2
1024375 2
1024473 2
1024761 2
1024997 2
1025106 2
1029507 2
1029508 2
1032746 2
1032819 2
1032879 2
1035526 2
1035527 2
1037328 2
1037337 2
1037343 2
1037344 2
1037347 2
1037364 2
1037367 2
1038688 2
1038703 2
1038768 2
1038806 2
1040424 2
1045026 2
1046459 2
1046478 2
1046485 2
1046746 2
1046770 2
1046882 2
1046916 2
1046980 2
1047037 2
1047134 2
1047322 2
1047554 2
1047653 2
1053001 2
1054126 2
1062252 2
1062267 2
1062330 2
1062363 2
1071735 2
1071905 2
1072046 2
1072145 2
1072150 2
1072439 2
1072470 2
1072792 2
1072836 2
1072856 2
1075868 2
1077639 2
1079799 2
1080854 2
1106952 2
1106992 2
1107281 2
1107453 2
1107568 2
1107989 2
1108023 2
1108630 2
1108657 2
1108730 2
1109338 2
1109576 2
1113529 2
1113561 2
1113589 2
1113607 2
1113619 2
1116445 2
1117964 2
1117984 2
1118004 2
1123111 2
1123361 2
1123534 2
1125247 2
1125289 2
1125319 2
1125381 2
1125412 2
1125422 2
1146083 2
1171606 2
1171641 2
1180250 2
1180278 2
1180286 2
1180330 2
1180395 2
1190283 2
1190289 2
1193013 2
1193092 2
1193095 2
1193096 2
1193106 1
1193119 2
1193144 1
1193850 2
1195985 2
1196079 2
1196149 2
1196234 2
1196437 2
1196439 2
1196445 2
1197799 2
1198672 2
1198684 2
1198739 2
1198896 1
1200145 2
1201049 2
1201244 2
1202188 2
1202224 2
1202267 2
1204447 2
1204506 2
1204583 2
1204819 2
1204820 2
1204822 1
1204823 2
1204824 2
1205167 2
1205169 2
1205170 2
1205267 2
1205280 2
1206645 2
1206681 2
1206724 2
1208415 2
1209642 2
1210016 2
1210019 2
1210022 2
1210067 2
1211389 2
1212623 2
1212626 2
1213963 2
1213975 2
1213989 2
1217391 2
1217874 2
1218751 2
1218829 2
1219339 2
1219353 2
1219360 2
1234255 2
1234261 2
1235056 2
1235539 2
1236664 2
1238987 2
1238988 2
1238989 2
1246707 2
1247407 2
1248684 2
1257486 2
1258254 2
1258297 2
1258529 2
1259615 2
1269446 2
1270431 2
1285750 2
1287135 2
1288657 2
1288658 2
1315407 2
1315507 2
1321989 2
1321992 2
1322029 2
1322193 2
1322345 2
1322488 2
1322510 2
1322511 2
1322537 2
1322664 2
1323449 2
1324534 2
1324542 2
1324575 2
1325318 2
1326736 2
1326944 2
1327473 2
1327475 2
1327509 2
1327601 2
1327649 2
1328808 2
1328842 2
1328888 2
1330405 2
1330458 2
1330480 2
1330530 2
1332600 2
1332636 2
1332673 2
1334869 2
1334875 2
1334877 2
1335186 2
1338454 1
1338519 1
1338520 1
1339284 2
1339313 2
1343682 1
1343684 1
1343852 2
1345807 2
1347381 2
1353768 2
1353782 2
1353810 2
1354025 2
1354030 2
1354315 2
1354326 2
1354337 2
1354502 2
1354505 2
1354509 2
1357882 2
1359953 2
1359955 2
1360349 2
1360357 2
1360803 2
1365328 2
1365336 2
1365347 2
1365684 2
1365691 2
1365697 2
1365791 2
1365793 2
1365795 2
1368942 2
1369149 2
1370987 2
1375352 2
1375360 2
1375368 2
1375533 2
1375674 2
1375681 2
1375685 2
1375687 2
1375792 2
1379005 2
1379215 2
1381513 2
1385873 2
1390112 2
1390118 2
1390131 2
1390161 2
1390417 2
1390423 2
1393216 2
1399231 2
1399240 2
1399249 2
1406654 2
1406655 2
1406661 2
1418752 2
1418758 2
1418767 2
1418776 2
1443465 2
1443467 2
1443471 2
1443473 2
1443499 2
1443549 2
1443551 2
1443597 2
1443599 2
1443651 2
1443653 2
1446561 2
1448553 2
1448561 2
1448563 2
1448565 2
1448701 2
1448705 2
1448707 2
1451859 2
1453221 1
1453222 1
1456028 2
1456036 2
1456058 2
1456068 2
1456076 2
1456124 2
1456162 2
1456200 2
1481480 1
1497830 2
1506645 2
1506665 2
1506746 2
1506757 2
1506768 2
1506814 2
1506817 2
1506825 2
1506828 2
1506830 2
1506866 2
1506874 2
1506918 2
1506921 2
1506937 2
1506977 2
1506999 2
1507073 2
1507302 2
1507551 2
1507569 2
1507856 2
1507892 2
1508224 2
1508225 2
1508234 2
1508266 2
1508407 2
1509076 2
1509080 2
1509255 2
1509386 2
1510539 2
1511152 2
1511216 2
1511224 2
1511814 2
1512268 2
1514303 2
1514307 2
1514312 2
1514323 2
1514326 2
1514328 2
1514372 1
1514373 1
1514401 2
1514404 2
1514413 2
1514415 2
1514462 2
1514470 2
1514598 2
1516122 2
1516133 2
1516150 2
1516153 2
1516161 2
1516177 2
1516185 2
1516209 2
1516210 2
1516212 2
1516224 2
1516250 2
1516371 2
1516490 2
1516606 2
1518192 2
1519627 2
1519630 2
1519634 1
1519639 2
1519640 2
1519656 2
1519659 2
1519682 2
1519696 2
1519768 2
1519832 2
1519896 2
1519898 2
1519956 2
1520086 2
1520413 2
1520414 2
1520416 2
1521013 2
1521014 2
1521050 2
1521051 2
1521093 2
1521135 2
1521136 2
1521184 2
1521185 2
1521865 2
1522095 2
1522149 2
1522851 2
1522853 2
1522864 2
1523235 2
1523243 2
1523614 2
1523620 2
1523632 2
1525403 2
1525676 2
1525685 2
1525703 2
1527020 2
1527070 1
1527088 2
1527306 2
1527307 2
1529403 2
1530952 2
1530964 2
1531025 2
1531175 2
1531271 2
1531838 2
1531841 2
1533189 2
1533238 2
1533377 2
1533759 2
1533809 2
1533845 2
1533849 2
1533853 2
1533932 2
1533933 2
1533958 2
1533959 2
1533982 2
1533983 2
1534011 2
1534279 2
1535647 2
1536713 2
1536760 2
1537728 2
1537750 2
1537793 2
1537823 2
1538109 2
1538118 2
1538121 2
1538166 2
1538960 2
1538984 2
1539012 2
1539025 2
1539120 2
1539121 2
1539123 2
1539520 2
1539606 2
1539618 2
1539635 2
1539749 1
1540032 2
1541385 2
1541475 2
1541740 2
1541742 2
1542519 2
1542893 2
1542894 2
1542917 2
1542918 2
1542946 2
1543483 2
1544258 2
1545093 2
1546040 2
1546433 2
1546510 2
1546737 2
1546738 2
1548235 2
1548237 2
1548241 2
1548243 2
1548301 2
1548305 2
1548307 2
1548317 2
1548318 2
1549541 2
1549542 2
1549543 2
1549581 2
1549582 2
1551389 2
1551409 2
1552139 2
1554652 2
1554964 2
1554965 2
1554967 2
1557274 1
1557283 2
1557600 2
1557891 1
1558936 2
1561208 2
1561976 2
1562785 2
1563066 2
1564064 2
1565258 2
1565526 2
1565556 2
1565895 1
1565952 2
1566891 2
1566968 2
1567090 2
1567126 2
1567253 2
1567260 2
1567290 2
1567829 2
1569551 2
1569571 2
1569825 2
1569835 2
1569843 2
1569850 2
1569860 2
1574115 2
1574706 2
1578215 1
1578237 1
1578245 1
1578269 1
1578309 1
1582259 2
1582277 2
1582291 2
1583980 2
1583992 2
1587744 2
1590217 2
1590428 2
1592671 2
1597550 2
1597709 2
1597814 2
1597821 2
1598349 2
1598360 2
1598382 2
1598713 2
1599362 2
1599372 2
1601815 2
1601831 2
1601833 2
1601843 2
1602060 2
1602071 2
1602116 2
1602117 2
1602122 2
1604184 2
1604194 2
1604209 2
1604215 2
1604223 2
1607587 2
1607598 2
1607606 2
1608034 2
1608055 2
1608075 2
1608078 2
1608421 2
1611280 2
1611316 2
1614064 2
1614206 2
1614498 2
1615723 2
1619397 2
1620579 2
1620602 2
1621179 2
1621180 2
1622309 2
1622319 2
1622941 1
1624174 2
1624382 2
1624409 2
1626215 2
1628920 2
1628931 2
1628939 2
1635718 2
1636963 2
1639851 2
1640498 2
1640847 2
1641177 2
1641179 2
1641180 2
1641185 2
1641190 2
1641988 2
1641994 2
1642021 2
1643084 2
1643779 2
1643797 2
1645584 2
1645820 2
1646319 2
1646323 2
1646330 2
1646334 2
1647462 2
1647472 2
1647492 2
1647512 2
1647522 2
1650331 2
1650342 2
1650353 2
1650364 2
1658363 2
1659604 2
1663208 2
1664232 2
1664439 2
1664444 2
1665172 2
1665202 2
1665352 2
1665460 2
1665479 2
1667953 2
1669103 2
1669715 2
1670036 2
1670072 2
1671611 2
1671624 2
1672195 2
1672225 2
1672249 2
1672267 2
1675671 2
1675677 2
1675683 2
1675691 2
1675705 2
1675711 2
1687820 2
1689461 2
1689465 2
1689466 2
1689469 2
1689483 2
1697690 2
1697927 2
1698706 2
1699355 2
1699372 2
1700298 2
1701555 2
1703125 2
1705170 2
1705942 2
1706456 2
1706517 2
1707902 2
1709833 2
1710704 2
1710720 2
1710760 2
1710792 2
1710816 2
1716981 2
1717019 2
1717039 2
1717047 2
1717061 2
1717067 2
1717073 2
1741486 2
1760962 2
1774903 2
1776161 2
1776284 2
1778825 2
1778827 2
1778863 2
1778866 2
1778868 2
1778888 2
1778890 2
1778927 2
1778930 2
1778991 2
1778993 2
1779072 2
1779074 2
1781137 2
1781533 2
1781539 2
1781670 2
1781741 2
1781744 2
1781777 2
1781781 2
1781839 2
1781843 2
1783362 2
1786188 2
1786251 2
1786253 2
1787924 2
1788131 2
1788901 2
1797062 2
1797093 2
1803972 2
1804038 2
1804069 2
1804088 2
1810380 2
1810415 2
1810491 2
1817436 2
1817471 2
1817582 2
1827494 2
1827526 2
1827629 2
1848489 2
1848912 2
1848964 2
1849027 2
1849104 2
1849181 2
1849183 2
1849185 2
1849187 2
1849189 2
1849700 2
1849850 2
1849852 2
1850604 2
1850606 2
1851078 2
1851083 2
1851582 2
1853699 2
1853712 2
1853740 2
1853795 2
1853869 2
1854532 2
1855483 2
1858416 1
1859284 2
1861939 2
1862020 2
1862248 2
1866383 2
1866384 2
1866423 2
1868173 2
1868175 2
1869176 2
1874503 2
1877235 1
1877240 1
1877251 1
1887404 2
1889561 1
1889566 1
1889575 1
1889669 2
1889673 2
1889677 2
1900423 1
1900428 1
1900433 1
1905720 2
1905721 2
1905728 2
1906117 2
1906792 2
1910192 2
1910197 2
1910202 2
1910207 2
1914476 2
1917987 2
1921391 2
1921396 2
1921401 2
1921405 2
1923575 2
1930952 2
1932707 2
1939941 2
1939950 2
1939959 2
1939967 2
1967856 2
1967877 2
1968548 2
1968914 2
1984158 2
1991531 2
1991570 2
1991773 1
1991813 1
1997669 1
1997695 1
2003798 1
2003818 1
2012384 2
2012404 2
2031148 2
2036611 2
2040687 2
2045270 2
2046410 2
2046526 2
2049628 2
2050768 2
2050787 2
2054161 2
2055231 2
2055236 2
2060210 2
2087119 2
2087126 2
2087130 2
2087132 2
2087200 2
2090379 2
2090385 2
2107528 2
2107603 2
2107677 2
2107786 2
2107790 2
2108091 2
2108241 2
2109122 2
2111205 2
2113222 2
2113333 2
2113496 2
2114979 2
2114982 2
2115021 2
2115023 2
2115083 2
2115085 2
2117001 2
2117206 2
2118259 2
2118261 2
2118291 2
2118293 2
2118344 2
2119729 2
2119798 2
2119963 2
2120190 2
2120525 2
2120528 2
2120639 2
2121171 2
2121173 2
2121175 2
2121233 2
2121237 2
2121241 2
2123048 2
2123077 2
2124337 2
2124342 2
2125967 2
2126069 2
2126360 2
2127242 2
2127349 2
2128150 2
2128156 2
2128507 2
2128521 2
2128576 2
2128608 2
2128634 2
2128668 2
2131060 2
2131072 2
2131360 2
2131366 2
2131378 2
2139106 2
2139389 2
2139414 2
2141500 2
2141508 2
2141685 2
2141688 2
2141692 2
2141698 2
2141708 2
2141715 2
2143357 2
2148537 2
2148562 2
2148723 2
2157987 2
2158012 2
2158028 2
2158053 2
2168613 2
2168638 2
2183162 2
2183214 2
2183590 2
2183617 2
2183644 2
2204717 2
2218952 2
2219070 2
2219127 2
2219129 2
2219157 2
2219159 2
2220378 2
2220408 2
2220410 2
2233037 2
2237309 2
2242118 2
2242140 2
2248308 2
2248328 2
2261047 2
2261118 2
2261701 2
2265974 2
2266017 2
2266021 2
2267401 2
2271211 1
2271215 1
2271225 2
2271241 2
2271259 2
2276940 1
2276943 1
2276950 2
2276960 2
2276970 2
2282275 2
2282278 2
2282287 2
2282291 2
2282299 2
2282302 2
2284881 2
2287376 2
2287385 2
2287393 2
2293110 2
2293119 2
2301607 2
2348973 2
2348977 2
2348980 2
2350390 2
2355519 2
2370236 2
2370237 2
2370320 2
2378855 2
2397532 2
2397533 2
2398429 2
2399134 2
2399143 2
2399170 2
2399188 2
2399208 2
2399212 2
2399219 2
2399232 2
2399236 2
2399243 2
2401360 2
2401370 2
2401389 2
2402524 2
2406579 2
2406584 2
2406591 2
2407578 2
2411277 2
2411282 2
2411287 2
2412427 2
2418217 2
2425892 2
2426460 2
2430425 2
2436111 2
2436116 2
2436119 2
2436682 2
2439362 2
2447880 2
2447881 2
2478546 2
2478750 2
2481877 2
2481878 2
2483035 2
2483047 2
2483051 2
2483059 2
2483071 2
2483079 2
2484315 2
2484327 2
2485019 2
2485029 2
2515894 2
2531866 2
2531884 2
2531920 2
2533609 2
2533633 2
2533681 2
2559747 1
2559748 2
2559749 2
2559752 2
2559755 2
2559759 2
2559764 2
2559799 2
2559801 2
2560662 2
2561287 2
2562694 2
2562760 2
2562761 2
2562764 2
2562829 2
2562830 2
2563189 2
2564652 2
2564773 2
2564869 2
2564877 2
2564979 2
2564991 2
2565249 2
2565265 2
2565268 2
2567754 2
2568760 1
2568953 1
2569234 2
2569372 2
2571491 1
2571499 1
2571513 1
2572272 2
2572428 2
2572586 2
2572882 2
2572893 2
2572938 2
2572990 2
2573187 2
2573189 2
2574212 2
2574256 2
2574573 2
2574859 2
2574878 2
2574880 2
2575135 2
2575138 2
2577037 2
2577071 2
2577076 2
2577111 2
2577230 2
2577235 2
2577250 2
2581104 2
2583167 2
2583804 2
2583824 2
2583895 2
2583899 2
2584623 2
2586823 2
2586871 2
2587063 2
2587157 2
2587855 2
2588556 2
2588604 2
2588608 2
2592403 2
2596373 2
2596479 2
2598320 2
2599160 2
2599226 2
2600075 2
2606506 2
2606517 2
2606550 2
2606572 2
2606605 2
2610081 2
2612949 2
2612963 2
2613567 2
2615475 2
2619362 2
2621509 2
2623395 2
2633230 2
2633550 2
2633714 1
2633735 2
2633781 2
2635259 2
2644512 2
2655584 2
2667503 2
2679163 2
2679233 2
2679294 2
2679386 2
2679388 2
2679392 2
2682469 2
2682476 2
2682478 2
2682487 2
2682489 2
2682518 2
2682520 2
2682566 2
2682568 2
2682570 2
2682572 2
2683942 2
2683943 2
2683949 2
2683950 2
2683956 2
2684531 2
2684551 2
2684582 2
2684584 2
2684615 2
2684616 2
2685631 2
2686084 2
2686099 2
2686127 2
2686129 2
2687490 2
2687492 2
2687494 2
2688414 2
2688415 2
2688416 2
2689423 2
2689443 2
2689503 2
2690696 2
2690701 2
2694775 2
2698230 2
2698550 2
2702026 2
2705020 2
2708023 2
2708024 2
2708025 2
2710904 2
2711144 2
2718069 2
2718314 2
2718337 2
2728360 2
2728382 2
2728404 2
2749512 2
2749804 2
2752012 2
2752048 2
2752092 2
2752834 2
2754017 2
2754105 2
2754111 2
2755771 2
2755910 2
2757784 2
2758128 2
2758130 2
2758740 2
2758942 2
2758960 2
2760045 2
2760185 2
2760195 2
2760201 2
2762365 2
2762369 2
2762377 2
2762389 2
2762405 2
2762953 2
2766584 2
2768760 2
2768764 2
2768766 2
2768784 2
2769254 2
2774617 2
2780118 2
2786226 2
2786229 2
2796508 2
2796516 2
2796524 2
2814624 2
2814626 2
2825483 2
2840409 2
2840421 2
2840434 2
2840505 2
2843608 2
2878335 2
2878402 2
2878404 2
2878464 2
2878468 2
2878514 2
2879997 2
2882587 2
2883610 2
2883805 2
2884929 2
2886044 2
2886196 2
2886198 2
2886817 2
2886841 2
2886842 2
2887768 2
2889022 2
2889336 2
2891060 2
2893126 2
2905778 2
2905786 2
2910049 2
2914898 2
2915279 2
2915287 2
2915289 2
2916367 2
2916394 2
2923995 2
2924210 2
2925159 2
2934270 2
2947243 2
2947534 2
2977643 2
2979721 2
2989368 2
2992298 2
2996274 2
3005288 2
3005302 2
3017940 2
3017971 2
3030056 2
3030134 2
3030296 2
3030766 2
3035295 2
3035874 2
3042136 2
3043107 2
3094649 2
3094656 2
3095768 2
3096520 2
3097423 2
3097426 2
3097429 2
3133752 2
3135373 2
3135625 2
3135627 2
3135641 2
3135655 2
3135657 2
3137291 2
3142374 2
3158485 2
3177194 2
3178819 2
3178830 2
3180988 2
3180999 2
3214594 2
3214628 2
3214682 2
3214730 2
3269358 2
3320997 2
3321028 2
3321062 2
3321099 2
3321101 2
3321177 2
3321179 2
3323266 2
3323366 2
3323454 2
3323509 2
3323972 2
3323984 2
3324032 2
3326437 2
3326439 2
3326497 2
3326499 2
3328328 2
3331259 2
3331344 2
3331392 2
3331405 2
3331625 2
3331726 2
3331745 2
3346519 2
3346541 2
3356145 2
3356272 2
3376598 2
3376771 2
3376784 2
3376812 2
3395489 0
3395513 0
3395541 0
3417068 2
3419578 2
3423635 2
3433195 2
3435282 2
3435606 2
3510627 2
3510705 2
3510709 2
3510828 2
3512356 2
3512395 2
3512449 2
3514308 2
3518713 2
3520339 2
3522858 2
3526325 2
3527752 2
3530201 2
3534842 2
3534850 2
3534856 2
3534864 2
3543443 2
3543465 2
3543475 2
3543483 2
3547049 2
3552130 2
3573714 2
3573839 2
3591275 2
3591277 2
3591315 2
3591317 2
3591657 2
3591679 2
3591889 2
3592027 2
3592261 2
3592275 2
3592283 2
3628539 2
3628637 2
3629649 2
3629777 2
3632015 2
3632090 2
3633891 2
3633973 2
3635984 2
3635990 2
3647820 2
3647831 2
3649817 2
3661026 2
3661031 2
3661040 2
3661091 2
3661092 2
3708550 2
3717938 2
3745325 2
3745337 1
3745338 2
3745342 2
3745368 2
3745384 2
3745394 2
3745395 2
3745397 2
3745398 2
3745476 2
3745479 2
3747998 2
3748006 2
3748019 2
3772953 2
3805821 2
3812226 2
3859382 2
3859384 2
3859386 2
3859388 2
3859622 2
3860023 2
3860059 2
3862374 2
3864335 2
3866224 2
3881446 2
3881448 2
3892359 2
3950107 2
3950108 2
3967184 2
3976065 2
3976067 2
3976354 2
3976356 2
3976943 2
3976946 2
3977939 2
3977942 2
4004323 2
4013607 2
4013644 2
4018445 2
4040682 2
4084103 2
4084107 2
4084111 2
4084115 2
4149181 2
4149189 2
4149197 2
4171391 1
4176463 2
4177717 2
4192998 2
4194239 2
4194918 2
4214547 2
4219852 2
4227381 2
4238205 2
4253247 2
4254397 2
4259538 2
4284579 2
4286576 2
4287803 2
4287832 2
4292313 2
4292325 2
4306281 1
4308858 2
4308860 2
4310904 2
4310906 2
4312940 2
4312942 2
4313739 2
4316219 2
4316222 2
4317830 2
4321418 2
4321421 2
4321427 2
4321432 2
4321437 2
4321440 2
4347300 2
4347306 2
4347316 2
4347322 2
4348686 2
4349732 2
4349738 2
4350748 2
4350754 2
4352423 2
4354666 2
4354672 2
4354678 2
4354684 2
4357867 2
4357892 2
4368141 2
4372821 2
4380643 2
4381030 2
4395323 2
4422040 2
4422055 2
4423994 2
4424009 2
4446804 2
4451084 2
4454310 2
4470947 2
4470957 2
4471080 2
4471087 2
4519987 2
4520423 2
4520437 2
4520443 2
4520444 2
4520974 2
4520975 2
4520976 2
4521400 2
4521678 2
4529589 2
4533533 2
4533536 2
4537693 2
4537699 2
4565327 2
4575116 2
4575136 0
4575142 0
4575151 0
4576159 2
4577053 2
4578069 2
4579105 2
4580504 2
4593050 2
4599845 2
4602335 2
4604764 2
4604774 2
4604778 2
4607341 2
4607348 2
4607352 2
4607360 2
4607364 2
4653355 2
4694456 2
4694458 2
4694464 2
4695134 2
4696671 2
4698250 2
4699813 2
4701836 2
4706143 2
4753049 2
4754294 2
4758794 2
4798511 2
4853477 2
4956951 2
4957817 2
4958399 2
4958401 2
4959468 2
4960661 2
4962535 2
4965111 2
4992539 2
4993640 2
4995317 2
4997590 2
5028024 2
5029305 2
5030070 2
5031007 2
5032851 2
5087729 2
5087825 2
5132474 2
5135186 2
5169392 2
5172698 2
5172704 2
5174810 2
5174816 2
5179619 2
5179625 2
5211074 2
5211094 2
5211118 2
5211286 2
5211290 2
5211298 2
5211306 2
5243041 2
5243043 2
5243049 2
5247702 2
5278882 2
5300608 2
5310766 2
5490773 2
5490781 2
5490791 2
5490809 2
5491492 2
5500822 2
5501824 2
5502422 2
5503187 2
5504545 2
5565428 2
5600658 1
5602080 2
5625566 2
5627950 2
5651993 2
5878082 2
5878200 2
5884798 2
5885204 2
5885559 2
5886065 2
5886625 2
5887380 2
5972325 2
5973461 2
5993589 2
5996801 2
5999298 2
5999307 2
5999851 2
6023763 2
6023779 2
6064551 2
6096299 2
6096301 2
6117278 2
6117286 2
6117287 2
6232544 2
6233480 2
6234841 2
6249178 2
6249486 2
6249893 2
6250465 2
6431420 2
6485849 2
6498397 2
6501093 2
6501113 2
6526527 2
6527911 2
6528859 2
6530626 2
6531551 2
6534291 2
6540541 2
6585075 2
6599535 2
6599537 2
6599544 2
6599551 2
6613299 2
6634007 2
6634016 2
6683627 2
6683640 2
6689853 2
6788833 2
6853906 2
6856701 2
6859485 2
6859488 2
6859491 2
6859493 2
6859496 2
6866888 2
6867796 2
6867802 2
6867808 2
6867814 2
6877684 2
6931824 2
6964093 2
7114963 2
7118408 2
7126548 2
7164440 2
7164656 2
7210380 2
7210420 2
7210428 2
7226331 2
7232267 2
7232349 2
7232431 2
7423785 2
7435600 1
7435601 1
7450535 2
7479141 2
7543959 2
7545103 2
7545106 2
7548394 2
7712405 2
7781847 2
7781848 2
7781851 2
7813734 2
7849142 2
7851197 2
7858876 2
7859364 2
7913109 2
7931805 2
7937382 2
8001840 2
8003145 2
8086318 2
8086346 2
8260392 2
8322793 2
8404813 2
8565772 2
8611776 2
8686490 2
8720852 2
8721018 2
8721058 2
8721108 2
8736905 2
8736967 2
8907878 2
8926283 2
9783677 2
10077796 2
10077904 2
10077954 2
10078108 2
10078482 2
10079136 2
10351148 2
10667088 2
10670249 2
10690541 2
10799036 2
10799726 2
10873604 2
10874260 2
10874424 2
10874588 2
10875080 2
11031499 2
11273536 2
11650213 2
11885399 2
11893087 2
12692557 2
12694265 2
12830910 2
12926175 2
12948656 2
13508380 2
13508809 2
13554975 2
13599635 2
13790819 2
13831247 2
