2845
2813
2846
2812
2811
2847
2848
2849
2850
2851
2852
2853
2825
2832
2833
2834
2880
2835
2836
2831
2837
2830
2829
2828
2838
2827
2826
2817
2824
2839
2823
2840
2822
2821
2841
2820
2842
2843
2844
2819
2818
2904
2914
2913
1959
2911
2910
2909
2908
2907
2906
2905
2915
2903
2902
2901
2900
2899
2898
2897
2896
2895
2925
2934
2933
2932
2931
2930
2929
2928
2927
2926
2894
2924
2923
2922
1958
2920
2919
2918
2917
2916
2864
2873
2872
2871
2870
2869
2868
2867
2866
2865
2874
2863
2862
2861
2860
2859
2858
2857
