2845
2813
2846
2812
2811
2847
2848
2849
2850
2851
2852
2853
2825
2832
2833
2834
2880
2835
2836
2831
2837
2830
2829
2828
2838
2827
2826
2817
2824
2839
2823
2840
2822
2821
2841
2820
2842
2843
2844
2819
2818
2904
2914
2913
1959
2911
2910
2909
2908
2907
2906
2905
2915
2903
2902
2901
2900
2899
2898
2897
2896
2895
2925
2934
2933
2932
2931
2930
2929
2928
2927
2926
2894
2924
2923
2922
1958
2920
2919
2918
2917
2916
2864
2873
2872
2871
2870
2869
2868
2867
2866
2865
2874
2863
2862
2861
2860
2859
2858
2857
2856
2855
2884
2893
2892
2891
2890
2889
2888
2887
2886
2885
2854
2883
2882
2881
2773
2879
2878
2877
2876
2875
2714
2722
2721
2720
2719
2718
2717
2716
2715
2723
2713
2712
2711
2710
2709
2708
2707
1970
2731
2739
2738
2737
2736
1966
1967
1968
1969
1971
2730
2729
2728
2727
2726
2725
2724
2679
2687
2686
2685
2684
2683
2682
2681
2680
2688
2678
2677
2676
1975
1976
1977
2672
2671
1972
2704
2703
2702
2701
2700
2699
2698
2697
2740
1973
1974
2693
2692
2691
2690
2689
1960
2791
2790
2789
2788
2787
2786
2785
2784
2792
2782
1961
1962
2779
2778
2777
2776
2775
2800
2808
2807
2806
2805
2804
2803
2802
2801
2774
2799
2798
2797
2796
2795
2794
2793
2748
2756
2755
2754
2753
2752
2751
2750
2749
2757
2747
2746
2745
2744
2743
2742
2741
2765
2993
2772
2771
2770
1963
1964
2767
1965
2809
2764
2763
2762
2761
2760
2759
2758
3139
3152
3151
3148
3145
3144
3143
3141
3140
3153
3138
3137
3136
3135
3134
3133
3129
3164
3175
3174
3173
3170
3169
3167
3166
3165
3128
3163
3162
3161
3160
3159
3157
3154
3093
3105
3104
3103
3101
3100
3099
3098
3094
3106
3092
3088
3087
3086
3085
3084
3083
3176
3107
3111
3112
3113
3114
3115
3117
3118
3119
3120
3121
3124
3125
3126
3127
3270
3288
3287
3282
3279
3276
3273
3272
3271
3290
3269
3268
3267
3266
3265
3262
3261
3259
3291
3293
3294
3295
3296
3297
3298
3300
3302
3303
3304
3305
3306
3312
3314
3192
3208
3206
3198
3197
3196
3195
3194
3193
3210
3191
3190
3189
3188
3187
3186
3185
3082
3212
3214
3220
3227
3229
3230
3232
3238
3240
3241
3242
3243
3250
3252
3257
1949
2985
2984
2983
2982
2981
2980
2979
2978
2986
2976
2974
1951
2972
2971
1952
2969
1953
2987
2988
2989
2991
2992
2669
2994
2995
2996
2997
2998
2999
3000
3001
2943
2951
2950
2949
2948
2947
2946
2945
2944
2952
2942
2941
2940
2939
2938
2937
2936
3002
2953
2954
2955
2956
2957
2958
1957
2960
1956
2962
1955
2964
2965
1954
2967
3061
3060
3059
3058
3057
3056
3055
3054
3062
3052
3051
3050
3049
3048
3047
3046
3045
3063
3064
3065
3066
3068
3070
3071
3072
3073
3074
3075
3077
3079
3080
3081
1944
3018
3017
3016
3015
3014
3013
1943
3011
3019
1945
3008
1946
3006
1947
1948
3003
2935
3020
3021
3022
3023
3024
3025
3028
3031
3033
3034
3037
3040
3042
3043
3044
2235
2246
2245
2243
2242
2241
2240
2239
2017
2237
2236
2247
2234
2233
2232
2231
2230
2018
2228
2227
2226
2257
2266
2265
2264
2263
2262
2261
2260
2259
2258
2225
2256
2255
2254
2015
2252
2251
2250
2249
2248
2195
2204
2203
2202
2201
2200
2199
2198
2197
2196
2205
2194
2193
2192
2191
2190
2189
2188
2187
2186
2215
2224
2223
2222
2221
2220
2219
2218
2217
2216
2267
2214
2213
2212
2211
2210
2209
2208
2207
2206
2317
2327
2326
2325
2324
2323
2322
2321
2320
2319
2318
2328
2316
2315
2314
2313
2312
2311
2310
2309
2308
2338
2347
2346
2345
2344
2343
2342
2341
2340
2339
2307
2337
2336
2335
2334
2333
2332
2331
2330
2329
2277
2286
2285
2284
2283
2282
2281
2280
2279
2278
2287
2276
2275
2274
2273
2272
2271
2270
2269
2268
2297
2306
2305
2304
2303
2302
2301
2300
2299
2298
2185
2014
2295
2294
2293
2292
2291
2290
2289
2288
2074
2084
2083
2082
2081
2080
2079
2078
2077
2076
2075
2085
2073
2072
2071
2070
2069
2068
2067
2066
2065
2095
2104
2103
2102
2101
2100
2099
2098
2097
2096
2064
2094
2093
2092
2091
2090
2089
2088
2087
2086
2034
2043
2042
2019
2040
2039
2038
2037
2036
2035
2044
2033
2032
2031
2030
2020
2021
2027
2026
2022
2054
2063
2062
2061
2060
2059
2058
2057
2056
2055
2105
2053
2052
2051
2050
2049
2048
2047
2046
2045
2155
2164
2163
2162
2161
2160
2159
2158
2157
2156
2165
2154
2153
2152
2151
2150
2149
2148
2147
2146
2175
2184
2183
2182
2181
2180
2179
2178
2177
2176
2145
2174
2173
2172
2171
2170
2169
2168
2167
2166
2115
2124
2123
2122
2121
2120
2119
2118
2117
2116
2125
2114
2113
2112
2111
2110
2109
2108
2107
2106
2135
2144
2143
2142
2141
2140
2139
2138
2137
2136
2348
2134
2133
2132
2131
2130
2129
2128
2127
2126
2559
2569
2568
2567
2566
2565
2564
2563
2562
2561
2560
2570
2558
2557
2556
2555
2554
2553
1994
2551
1995
2580
2589
2588
2587
2586
2585
2584
2583
2582
2581
1996
2579
2578
2577
2576
2575
2574
2573
2572
2571
2519
2528
2527
2526
2525
2524
2523
2522
2521
2520
2529
2518
2517
2516
2515
2514
2513
2512
2511
2510
2539
2548
2547
2546
2545
2544
2543
2542
2541
1997
2590
1998
1999
2536
2535
2534
2533
2532
2531
2530
2640
2649
2648
2647
1981
2645
2644
2643
2642
2641
2650
1982
1983
2637
2636
2635
2634
2633
2632
2631
2660
2023
2668
2667
2666
2665
1978
1979
1980
2661
2630
2659
2658
2657
2656
2655
2654
2653
2652
2651
2600
2609
1990
2607
1991
2605
2604
2603
1993
2601
1989
2599
2598
2597
2596
2595
2594
2593
2592
2591
2620
1984
2628
1985
2626
2625
2624
2623
2622
2621
2509
2619
2618
2617
1986
2615
1987
2613
2612
1988
2398
2408
2407
2406
2405
2404
2403
2402
2401
2400
2399
2409
2397
2396
2395
2394
2393
2008
2391
2009
2389
2419
2428
2427
2426
2425
2424
2423
2422
2421
2420
2388
2418
2417
2416
2415
2414
2413
2412
2411
2410
2358
2367
2366
2365
2364
2363
2362
2361
2360
2359
2368
2357
2356
2355
2354
2353
2352
2351
2350
2349
2378
2387
2386
2385
2384
2383
2010
2381
2011
2379
2429
2012
2376
2013
2374
2373
2372
2371
2370
2369
2479
2488
2487
2486
2485
2484
2483
2482
2481
2480
2489
2478
2477
2476
2475
2474
2473
2000
2001
2470
2499
2508
2507
2506
2505
2504
2503
2502
2501
2500
2469
2498
2497
2496
2495
2494
2493
2492
2491
2490
2439
2448
2447
2446
2445
2005
2443
2442
2441
2006
2004
2438
2437
2436
2007
2434
2433
2432
2431
2430
2459
2468
2467
2466
2465
2464
2463
2002
2003
2460
2670
2458
2457
2456
2455
2454
