6 0 3
25 12 0
25 12 4
25 13 12
27 25 7
27 25 10
27 25 17
28 25 10
28 25 11
28 25 12
31 25 7
31 25 17
32 24 2
32 25 7
32 25 17
39 25 9
39 25 20
40 28 25
40 29 25
41 28 25
41 29 25
42 22 2
42 23 2
42 24 2
42 25 2
42 25 7
42 25 17
43 32 5
43 32 7
43 34 5
43 34 6
43 34 7
43 34 8
43 37 4
43 42 1
43 42 5
44 19 4
44 32 7
44 34 7
44 34 8
44 35 2
44 35 7
44 35 8
44 39 4
44 39 5
44 39 6
44 40 0
44 40 1
44 40 4
44 40 5
44 41 1
44 41 5
45 32 5
45 32 7
45 32 14
45 32 17
45 38 27
45 40 28
45 40 29
45 41 29
45 42 1
45 42 5
45 42 14
45 42 29
47 25 10
47 25 11
47 25 12
47 40 25
47 41 25
47 42 25
48 41 0
48 41 1
48 42 0
48 42 1
49 12 0
49 42 0
49 42 1
49 44 4
50 12 0
50 27 0
50 27 1
50 27 2
50 31 0
50 31 1
50 31 2
50 42 0
50 42 1
50 44 0
50 44 4
51 26 25
52 26 25
52 47 32
52 49 26
52 49 27
52 50 26
52 50 27
53 32 7
53 32 8
53 32 17
53 32 18
53 38 26
53 39 13
53 39 14
53 39 15
53 40 13
53 40 14
53 40 15
53 40 16
53 41 14
53 41 15
53 41 16
53 50 26
53 50 27
54 32 8
54 32 18
54 38 26
54 39 6
54 39 15
54 40 6
54 40 15
54 40 16
54 40 26
54 40 27
54 40 28
54 40 29
54 41 1
54 41 5
54 41 6
54 41 14
54 41 15
54 41 16
54 41 29
54 50 26
54 50 27
55 26 25
56 44 39
56 47 32
56 48 32
56 48 39
56 48 40
56 48 41
56 48 42
56 49 27
56 49 31
56 49 32
56 49 42
56 54 39
56 54 40
57 44 39
57 47 43
57 47 44
58 44 39
58 47 16
58 47 19
58 47 21
58 47 25
58 47 32
58 47 34
58 47 35
58 47 37
58 47 38
58 48 41
58 48 42
58 49 27
58 49 28
58 49 31
58 49 33
58 49 42
58 49 47
58 50 28
58 50 33
58 50 47
60 9 0
60 12 0
60 20 0
60 42 2
60 52 26
60 52 30
60 52 39
60 52 40
60 52 41
60 52 47
60 53 40
60 53 41
60 54 41
60 56 47
60 58 47
61 44 7
61 52 47
61 53 7
61 53 8
61 53 17
61 53 18
61 54 8
61 54 18
61 56 47
61 56 48
61 58 47
62 9 1
62 9 2
62 9 3
62 9 5
62 9 7
62 10 9
62 12 1
62 12 2
62 12 3
62 12 5
62 12 7
62 12 10
62 14 9
62 14 12
62 17 9
62 17 12
62 20 1
62 20 2
62 20 3
62 20 5
62 20 7
62 20 10
62 20 14
62 20 17
62 21 5
62 21 7
62 21 10
62 21 14
62 21 17
62 23 9
62 23 12
62 23 20
62 23 21
62 27 7
62 27 10
62 27 17
62 28 7
62 28 8
62 28 10
62 28 11
62 28 17
62 28 18
62 29 7
62 29 8
62 29 9
62 29 10
62 29 11
62 29 12
62 29 17
62 29 18
62 29 20
62 31 7
62 31 10
62 31 17
62 33 7
62 33 8
62 33 10
62 33 11
62 33 17
62 33 18
62 34 8
62 34 11
62 34 18
62 36 7
62 36 8
62 36 9
62 36 10
62 36 11
62 36 12
62 36 17
62 36 18
62 36 20
62 37 8
62 37 9
62 37 11
62 37 12
62 37 18
62 37 20
62 38 9
62 38 12
62 38 20
62 38 21
62 39 9
62 39 12
62 39 20
62 40 28
62 40 29
62 40 33
62 40 36
62 41 29
62 41 36
62 41 37
62 42 2
62 42 3
62 42 7
62 42 10
62 42 17
62 42 39
62 44 7
62 44 10
62 44 17
62 47 4
62 47 5
62 47 6
62 47 7
62 47 8
62 47 9
62 47 10
62 47 11
62 47 12
62 47 13
62 47 14
62 47 15
62 47 17
62 47 18
62 47 20
62 47 22
62 47 23
62 47 24
62 47 35
62 47 38
62 47 40
62 47 41
62 47 42
62 48 6
62 48 8
62 48 9
62 48 11
62 48 12
62 48 15
62 48 18
62 48 20
62 48 24
62 48 41
62 48 42
62 49 9
62 49 12
62 49 20
62 49 42
62 50 28
62 50 29
62 50 33
62 50 36
62 50 47
62 51 2
62 51 3
62 51 7
62 51 8
62 51 10
62 51 11
62 51 17
62 51 18
62 51 19
62 51 39
62 51 40
62 51 47
62 51 48
62 51 49
62 51 50
62 52 2
62 52 3
62 52 7
62 52 8
62 52 10
62 52 11
62 52 17
62 52 18
62 52 19
62 52 39
62 52 40
62 52 47
62 52 48
62 52 49
62 52 50
62 53 7
62 53 8
62 53 10
62 53 11
62 53 17
62 53 18
62 53 40
62 53 50
62 54 8
62 54 11
62 54 18
62 55 2
62 55 3
62 55 7
62 55 8
62 55 10
62 55 11
62 55 17
62 55 18
62 55 19
62 55 39
62 55 40
62 55 47
62 55 48
62 55 49
62 55 50
62 56 47
62 56 48
62 57 47
62 58 47
63 34 11
63 51 30
63 54 41
63 55 30
64 60 51
64 60 52
64 60 55
64 62 51
64 62 52
64 62 55
65 58 25
65 58 49
65 58 50
65 60 52
65 60 56
65 60 58
65 62 5
65 62 6
65 62 7
65 62 8
65 62 10
65 62 11
65 62 14
65 62 15
65 62 17
65 62 18
65 62 23
65 62 24
65 62 38
65 62 40
65 62 50
66 53 40
66 53 41
66 54 40
66 54 41
66 58 47
67 39 25
67 60 0
67 62 1
67 62 2
67 62 3
67 62 5
67 62 7
67 62 10
67 62 14
67 62 17
67 62 23
67 62 29
67 62 36
67 62 37
67 62 38
67 62 39
67 62 47
67 62 48
67 62 49
67 63 39
68 25 7
68 25 10
68 25 17
68 43 38
68 45 38
68 52 49
68 52 50
68 53 50
68 56 49
69 40 25
69 41 25
69 42 25
69 43 35
69 44 35
69 62 6
69 62 8
69 62 9
69 62 11
69 62 12
69 62 15
69 62 18
69 62 20
69 62 24
69 62 41
69 62 42
69 62 51
69 62 52
69 62 55
69 62 56
69 67 62
70 41 1
70 56 39
71 39 25
71 43 0
71 43 4
71 53 30
71 54 26
71 54 30
71 62 2
71 62 3
71 62 7
71 62 10
71 62 17
71 62 39
71 62 47
71 62 48
71 62 49
71 65 62
71 69 62
