#OT    #Max_Thr_Count   #minimal_intersection    #union_covers?
0		1784		0		1
1		1499		0		1
2		1224		0		1
3		1079		0		1
4		999		0		1
5		1106		0		1
6		921		0		1
7		791		0		1
8		1027		0		1
9		888		0		1
10		782		0		1
11		686		0		1
12		881		0		1
13		720		0		1
14		657		0		1
15		644		0		1
16		1245		0		1
17		997		0		1
18		821		0		1
19		683		0		1
20		603		0		1
21		558		0		1
22		545		0		1
23		712		0		1
24		637		0		1
25		603		0		1
26		524		0		1
27		511		0		1
28		689		0		1
29		594		0		1
30		545		0		1
31		511		0		1
32		498		0		1
33		1003		0		1
34		811		0		1
35		805		0		1
36		670		0		1
37		578		0		1
38		939		0		1
39		690		0		1
40		570		0		1
41		461		0		1
42		758		0		1
43		660		0		1
44		610		0		1
45		413		0		1
46		687		0		1
47		562		0		1
48		486		0		1
49		479		0		1
50		427		0		1
51		400		0		1
52		935		0		1
53		798		0		1
54		845		0		1
55		682		0		1
56		593		0		1
57		764		0		1
58		641		0		1
59		494		0		1
60		562		0		1
61		475		0		1
62		444		0		1
63		625		0		1
64		559		0		1
65		536		0		1
66		484		0		1
67		447		0		1
68		415		0		1
69		650		0		1
70		627		0		1
71		518		0		1
72		433		0		1
73		497		0		1
74		369		0		1
75		399		0		1
76		360		0		1
77		343		0		1
78		694		0		1
79		677		0		1
80		463		0		1
81		560		0		1
82		454		0		1
83		413		0		1
84		498		0		1
85		388		0		1
86		344		0		1
87		489		0		1
88		497		0		1
89		389		0		1
90		395		0		1
91		320		0		1
92		333		0		1
93		640		0		1
94		827		0		1
95		579		0		1
96		507		0		1
97		690		0		1
98		596		0		1
99		561		0		1
100		517		0		1
101		474		0		1
102		551		0		1
103		486		0		1
104		438		0		1
105		664		0		1
106		561		0		1
107		469		0		1
108		516		0		1
109		405		0		1
110		347		0		1
111		535		0		1
112		483		0		1
113		399		0		1
114		493		0		1
115		465		0		1
116		414		0		1
117		379		0		1
118		523		0		1
119		443		0		1
120		369		0		1
121		427		0		1
122		323		0		1
123		357		0		1
124		318		0		1
125		305		0		1
126		522		0		1
127		449		0		1
128		349		0		1
129		411		0		1
130		308		0		1
131		385		0		1
132		389		0		1
133		319		0		1
134		322		0		1
135		278		0		1
136		284		0		1
137		609		0		1
138		513		0		1
139		434		0		1
140		448		0		1
141		393		0		1
142		408		0		1
143		511		0		1
144		367		0		1
145		306		0		1
146		399		0		1
147		386		0		1
148		340		0		1
149		334		0		1
150		292		0		1
151		290		0		1
152		445		0		1
153		323		0		1
154		416		0		1
155		287		0		1
156		316		0		1
157		312		0		1
158		280		0		1
159		279		0		1
160		287		0		1
161		596		0		1
162		466		0		1
163		377		0		1
164		416		0		1
165		336		0		1
166		377		0		1
167		416		0		1
168		303		0		1
169		317		0		1
170		349		0		1
171		322		0		1
172		346		0		1
173		364		0		1
174		289		0		1
175		292		0		1
176		286		0		1
177		323		0		1
178		306		0		1
179		316		0		1
180		316		0		1
181		303		0		1
182		302		0		1
183		303		0		1
184		1214		0		1
185		979		0		1
186		858		0		1
187		873		0		1
188		793		0		1
189		870		0		1
190		715		0		1
191		612		0		1
192		709		0		1
193		595		0		1
194		523		0		1
195		557		0		1
196		495		0		1
197		482		0		1
198		939		0		1
199		749		0		1
200		590		0		1
201		578		0		1
202		470		0		1
203		391		0		1
204		577		0		1
205		476		0		1
206		406		0		1
207		497		0		1
208		405		0		1
209		357		0		1
210		440		0		1
211		351		0		1
212		359		0		1
213		372		0		1
214		681		0		1
215		529		0		1
216		471		0		1
217		484		0		1
218		449		0		1
219		519		0		1
220		422		0		1
221		379		0		1
222		433		0		1
223		353		0		1
224		295		0		1
225		353		0		1
226		261		0		1
227		295		0		1
228		261		0		1
229		248		0		1
230		295		0		1
231		299		0		1
232		245		0		1
233		247		0		1
234		216		0		1
235		220		0		1
236		391		0		1
237		361		0		1
238		348		0		1
239		299		0		1
240		295		0		1
241		266		0		1
242		258		0		1
243		230		0		1
244		226		0		1
245		226		0		1
246		222		0		1
247		224		0		1
248		206		0		1
249		203		0		1
250		207		0		1
251		327		0		1
252		311		0		1
253		373		0		1
254		256		0		1
255		274		0		1
256		252		0		1
257		215		0		1
258		217		0		1
259		208		0		1
260		226		0		1
261		213		0		1
262		210		0		1
263		213		0		1
264		204		0		1
265		212		0		1
266		209		0		1
267		217		0		1
268		791		0		1
269		671		0		1
270		616		0		1
271		674		0		1
272		538		0		1
273		467		0		1
274		664		0		1
275		501		0		1
276		398		0		1
277		435		0		1
278		358		0		1
279		317		0		1
280		297		0		1
281		303		0		1
282		554		0		1
283		474		0		1
284		519		0		1
285		439		0		1
286		378		0		1
287		306		0		1
288		265		0		1
289		353		0		1
290		288		0		1
291		240		0		1
292		240		0		1
293		244		0		1
294		215		0		1
295		219		0		1
296		345		0		1
297		323		0		1
298		281		0		1
299		265		0		1
300		261		0		1
301		259		0		1
302		235		0		1
303		226		0		1
304		201		0		1
305		197		0		1
306		201		0		1
307		188		0		1
308		184		0		1
309		188		0		1
310		288		0		1
311		329		0		1
312		231		0		1
313		257		0		1
314		215		0		1
315		233		0		1
316		208		0		1
317		188		0		1
318		187		0		1
319		181		0		1
320		187		0		1
321		181		0		1
322		187		0		1
323		453		0		1
324		340		0		1
325		400		0		1
326		317		0		1
327		412		0		1
328		323		0		1
329		321		0		1
330		329		0		1
331		489		0		1
332		359		0		1
333		343		0		1
334		272		0		1
335		335		0		1
336		263		0		1
337		295		0		1
338		240		0		1
339		244		0		1
340		248		0		1
341		204		0		1
342		206		0		1
343		423		0		1
344		327		0		1
345		332		0		1
346		359		0		1
347		309		0		1
348		286		0		1
349		279		0		1
350		261		0		1
351		268		0		1
352		252		0		1
353		248		0		1
354		213		0		1
355		217		0		1
356		188		0		1
357		190		0		1
358		184		0		1
359		188		0		1
360		378		0		1
361		279		0		1
362		229		0		1
363		204		0		1
364		216		0		1
365		190		0		1
366		181		0		1
367		183		0		1
368		180		0		1
369		175		0		1
370		188		0		1
371		570		0		1
372		378		0		1
373		462		0		1
374		327		0		1
375		461		0		1
376		329		0		1
377		317		0		1
378		344		0		1
379		391		0		1
380		390		0		1
381		270		0		1
382		362		0		1
383		253		0		1
384		299		0		1
385		219		0		1
386		243		0		1
387		240		0		1
388		287		0		1
389		206		0		1
390		220		0		1
391		340		0		1
392		286		0		1
393		247		0		1
394		224		0		1
395		220		0		1
396		213		0		1
397		235		0		1
398		190		0		1
399		193		0		1
400		187		0		1
401		247		0		1
402		224		0		1
403		207		0		1
404		217		0		1
405		201		0		1
406		188		0		1
407		187		0		1
408		188		0		1
409		201		0		1
410		751		0		1
411		614		0		1
412		502		0		1
413		621		0		1
414		424		0		1
415		478		0		1
416		422		0		1
417		398		0		1
418		540		0		1
419		424		0		1
420		362		0		1
421		782		0		1
422		667		0		1
423		699		0		1
424		558		0		1
425		463		0		1
426		416		0		1
427		531		0		1
428		363		0		1
429		424		0		1
430		368		0		1
431		345		0		1
432		334		0		1
433		296		0		1
434		645		0		1
435		471		0		1
436		380		0		1
437		416		0		1
438		401		0		1
439		348		0		1
440		340		0		1
441		294		0		1
442		503		0		1
443		367		0		1
444		319		0		1
445		300		0		1
446		1214		0		1
447		991		0		1
448		776		0		1
449		627		0		1
450		507		0		1
451		636		0		1
452		519		0		1
453		446		0		1
454		435		0		1
455		794		0		1
456		643		0		1
457		562		0		1
458		533		0		1
459		424		0		1
460		337		0		1
461		453		0		1
462		293		0		1
463		357		0		1
464		303		0		1
465		280		0		1
466		312		0		1
467		250		0		1
468		223		0		1
469		516		0		1
470		482		0		1
471		403		0		1
472		395		0		1
473		337		0		1
474		320		0		1
475		278		0		1
476		268		0		1
477		220		0		1
478		203		0		1
479		490		0		1
480		320		0		1
481		277		0		1
482		235		0		1
483		213		0		1
484		213		0		1
485		196		0		1
486		213		0		1
487		743		0		1
488		584		0		1
489		547		0		1
490		445		0		1
491		376		0		1
492		334		0		1
493		794		0		1
494		714		0		1
495		482		0		1
496		382		0		1
497		313		0		1
498		453		0		1
499		359		0		1
500		282		0		1
501		263		0		1
502		232		0		1
503		473		0		1
504		422		0		1
505		393		0		1
506		369		0		1
507		361		0		1
508		342		0		1
509		306		0		1
510		288		0		1
511		201		0		1
512		188		0		1
513		407		0		1
514		315		0		1
515		279		0		1
516		233		0		1
517		194		0		1
518		177		0		1
519		187		0		1
520		616		0		1
521		457		0		1
522		532		0		1
523		416		0		1
524		524		0		1
525		410		0		1
526		357		0		1
527		685		0		1
528		555		0		1
529		467		0		1
530		360		0		1
531		439		0		1
532		339		0		1
533		395		0		1
534		311		0		1
535		259		0		1
536		204		0		1
537		578		0		1
538		482		0		1
539		460		0		1
540		498		0		1
541		433		0		1
542		390		0		1
543		418		0		1
544		361		0		1
545		380		0		1
546		356		0		1
547		348		0		1
548		224		0		1
549		186		0		1
550		188		0		1
551		334		0		1
552		260		0		1
553		214		0		1
554		244		0		1
555		201		0		1
556		179		0		1
557		190		0		1
558		176		0		1
559		188		0		1
560		725		0		1
561		477		0		1
562		576		0		1
563		400		0		1
564		535		0		1
565		378		0		1
566		367		0		1
567		377		0		1
568		419		0		1
569		758		0		1
570		566		0		1
571		492		0		1
572		328		0		1
573		424		0		1
574		287		0		1
575		352		0		1
576		243		0		1
577		276		0		1
578		256		0		1
579		298		0		1
580		211		0		1
581		218		0		1
582		599		0		1
583		464		0		1
584		507		0		1
585		442		0		1
586		348		0		1
587		387		0		1
588		300		0		1
589		313		0		1
590		281		0		1
591		273		0		1
592		253		0		1
593		225		0		1
594		242		0		1
595		193		0		1
596		189		0		1
597		187		0		1
598		446		0		1
599		452		0		1
600		349		0		1
601		278		0		1
602		343		0		1
603		249		0		1
604		291		0		1
605		247		0		1
606		232		0		1
607		342		0		1
608		266		0		1
609		227		0		1
610		362		0		1
611		290		0		1
612		249		0		1
613		243		0		1
614		219		0		1
615		224		0		1
616		282		0		1
617		214		0		1
618		191		0		1
619		183		0		1
620		237		0		1
621		209		0		1
622		201		0		1
623		188		0		1
624		248		0		1
625		204		0		1
626		185		0		1
627		194		0		1
628		184		0		1
629		201		0		1
630		555		0		1
631		632		0		1
632		533		0		1
633		490		0		1
634		549		0		1
635		438		0		1
636		385		0		1
637		416		0		1
638		328		0		1
639		542		0		1
640		486		0		1
641		410		0		1
642		462		0		1
643		380		0		1
644		473		0		1
645		380		0		1
646		422		0		1
647		321		0		1
648		346		0		1
649		286		0		1
650		487		0		1
651		426		0		1
652		350		0		1
653		420		0		1
654		290		0		1
655		276		0		1
656		275		0		1
657		384		0		1
658		298		0		1
659		742		0		1
660		573		0		1
661		443		0		1
662		401		0		1
663		443		0		1
664		390		0		1
665		449		0		1
666		392		0		1
667		368		0		1
668		436		0		1
669		354		0		1
670		311		0		1
671		337		0		1
672		272		0		1
673		224		0		1
674		378		0		1
675		324		0		1
676		308		0		1
677		286		0		1
678		232		0		1
679		229		0		1
680		202		0		1
681		199		0		1
682		335		0		1
683		265		0		1
684		256		0		1
685		294		0		1
686		196		0		1
687		202		0		1
688		195		0		1
689		518		0		1
690		547		0		1
691		421		0		1
692		532		0		1
693		385		0		1
694		339		0		1
695		448		0		1
696		388		0		1
697		416		0		1
698		356		0		1
699		282		0		1
700		257		0		1
701		330		0		1
702		297		0		1
703		275		0		1
704		222		0		1
705		203		0		1
706		200		0		1
707		200		0		1
708		179		0		1
709		175		0		1
710		273		0		1
711		243		0		1
712		269		0		1
713		180		0		1
714		192		0		1
715		165		0		1
716		171		0		1
717		161		0		1
718		435		0		1
719		349		0		1
720		313		0		1
721		336		0		1
722		397		0		1
723		296		0		1
724		256		0		1
725		259		0		1
726		219		0		1
727		350		0		1
728		274		0		1
729		284		0		1
730		275		0		1
731		232		0		1
732		220		0		1
733		215		0		1
734		195		0		1
735		209		0		1
736		190		0		1
737		187		0		1
738		264		0		1
739		236		0		1
740		251		0		1
741		180		0		1
742		180		0		1
743		195		0		1
744		160		0		1
745		164		0		1
746		154		0		1
747		729		0		1
748		393		0		1
749		376		0		1
750		432		0		1
751		332		0		1
752		359		0		1
753		385		0		1
754		571		0		1
755		395		0		1
756		449		0		1
757		314		0		1
758		365		0		1
759		450		0		1
760		279		0		1
761		305		0		1
762		268		0		1
763		287		0		1
764		286		0		1
765		223		0		1
766		366		0		1
767		315		0		1
768		326		0		1
769		371		0		1
770		261		0		1
771		268		0		1
772		263		0		1
773		232		0		1
774		294		0		1
775		251		0		1
776		224		0		1
777		210		0		1
778		206		0		1
779		185		0		1
780		190		0		1
781		172		0		1
782		169		0		1
783		367		0		1
784		305		0		1
785		274		0		1
786		277		0		1
787		339		0		1
788		321		0		1
789		282		0		1
790		258		0		1
791		259		0		1
792		255		0		1
793		242		0		1
794		259		0		1
795		283		0		1
796		250		0		1
797		214		0		1
798		261		0		1
799		208		0		1
800		190		0		1
801		231		0		1
802		201		0		1
803		189		0		1
804		167		0		1
805		204		0		1
806		181		0		1
807		161		0		1
808		160		0		1
809		184		0		1
810		184		0		1
811		203		0		1
812		164		0		1
813		170		0		1
814		167		0		1
815		329		0		1
816		388		0		1
817		330		0		1
818		320		0		1
819		603		0		1
820		580		0		1
821		460		0		1
822		358		0		1
823		310		0		1
824		288		0		1
825		354		0		1
826		277		0		1
827		234		0		1
828		351		0		1
829		287		0		1
830		242		0		1
831		227		0		1
832		205		0		1
833		256		0		1
834		195		0		1
835		186		0		1
836		213		0		1
837		633		0		1
838		513		0		1
839		436		0		1
840		422		0		1
841		545		0		1
842		430		0		1
843		353		0		1
844		500		0		1
845		395		0		1
846		303		0		1
847		324		0		1
848		274		0		1
849		303		0		1
850		239		0		1
851		204		0		1
852		182		0		1
853		194		0		1
854		161		0		1
855		176		0		1
856		562		0		1
857		430		0		1
858		447		0		1
859		335		0		1
860		376		0		1
861		290		0		1
862		301		0		1
863		219		0		1
864		364		0		1
865		317		0		1
866		290		0		1
867		250		0		1
868		193		0		1
869		191		0		1
870		187		0		1
871		160		0		1
872		169		0		1
873		191		0		1
874		613		0		1
875		469		0		1
876		305		0		1
877		358		0		1
878		238		0		1
879		277		0		1
880		354		0		1
881		207		0		1
882		228		0		1
883		347		0		1
884		275		0		1
885		224		0		1
886		234		0		1
887		271		0		1
888		185		0		1
889		187		0		1
890		176		0		1
891		278		0		1
892		226		0		1
893		195		0		1
894		200		0		1
895		251		0		1
896		229		0		1
897		250		0		1
898		204		0		1
899		182		0		1
900		178		0		1
901		177		0		1
902		182		0		1
903		166		0		1
904		177		0		1
905		204		0		1
906		506		0		1
907		382		0		1
908		328		0		1
909		356		0		1
910		323		0		1
911		317		0		1
912		506		0		1
913		403		0		1
914		338		0		1
915		261		0		1
916		301		0		1
917		295		0		1
918		244		0		1
919		236		0		1
920		221		0		1
921		203		0		1
922		555		0		1
923		417		0		1
924		553		0		1
925		352		0		1
926		323		0		1
927		299		0		1
928		272		0		1
929		266		0		1
930		252		0		1
931		221		0		1
932		212		0		1
933		221		0		1
934		190		0		1
935		169		0		1
936		460		0		1
937		403		0		1
938		414		0		1
939		434		0		1
940		338		0		1
941		329		0		1
942		285		0		1
943		369		0		1
944		314		0		1
945		290		0		1
946		309		0		1
947		261		0		1
948		286		0		1
949		259		0		1
950		253		0		1
951		220		0		1
952		173		0		1
953		152		0		1
954		531		0		1
955		431		0		1
956		347		0		1
957		323		0		1
958		251		0		1
959		366		0		1
960		311		0		1
961		261		0		1
962		278		0		1
963		213		0		1
964		231		0		1
965		203		0		1
966		197		0		1
967		311		0		1
968		240		0		1
969		204		0		1
970		239		0		1
971		175		0		1
972		206		0		1
973		174		0		1
974		168		0		1
975		228		0		1
976		179		0		1
977		165		0		1
978		345		0		1
979		405		0		1
980		301		0		1
981		332		0		1
982		244		0		1
983		290		0		1
984		215		0		1
985		280		0		1
986		465		0		1
987		515		0		1
988		420		0		1
989		258		0		1
990		292		0		1
991		204		0		1
992		245		0		1
993		163		0		1
994		218		0		1
995		502		0		1
996		387		0		1
997		433		0		1
998		316		0		1
999		351		0		1
1000		314		0		1
1001		355		0		1
1002		267		0		1
1003		298		0		1
1004		245		0		1
1005		279		0		1
1006		153		0		1
1007		233		0		1
1008		409		0		1
1009		474		0		1
1010		298		0		1
1011		348		0		1
1012		301		0		1
1013		356		0		1
1014		229		0		1
1015		272		0		1
1016		189		0		1
1017		230		0		1
1018		237		0		1
1019		317		0		1
1020		185		0		1
1021		245		0		1
1022		164		0		1
1023		224		0		1
1024		166		0		1
1025		246		0		1
1026		798		0		1
1027		598		0		1
1028		506		0		1
1029		419		0		1
1030		376		0		1
1031		360		0		1
1032		302		0		1
1033		440		0		1
1034		356		0		1
1035		316		0		1
1036		272		0		1
1037		455		0		1
1038		371		0		1
1039		324		0		1
1040		428		0		1
1041		351		0		1
1042		331		0		1
1043		306		0		1
1044		279		0		1
1045		242		0		1
1046		210		0		1
1047		404		0		1
1048		304		0		1
1049		300		0		1
1050		326		0		1
1051		244		0		1
1052		250		0		1
1053		201		0		1
1054		201		0		1
1055		197		0		1
1056		189		0		1
1057		188		0		1
1058		325		0		1
1059		299		0		1
1060		275		0		1
1061		244		0		1
1062		229		0		1
1063		220		0		1
1064		199		0		1
1065		258		0		1
1066		272		0		1
1067		203		0		1
1068		211		0		1
1069		184		0		1
1070		190		0		1
1071		172		0		1
1072		164		0		1
1073		165		0		1
1074		275		0		1
1075		263		0		1
1076		273		0		1
1077		220		0		1
1078		216		0		1
1079		200		0		1
1080		287		0		1
1081		308		0		1
1082		212		0		1
1083		223		0		1
1084		178		0		1
1085		182		0		1
1086		182		0		1
1087		159		0		1
1088		159		0		1
1089		156		0		1
1090		157		0		1
1091		294		0		1
1092		265		0		1
1093		270		0		1
1094		212		0		1
1095		201		0		1
1096		180		0		1
1097		295		0		1
1098		334		0		1
1099		199		0		1
1100		174		0		1
1101		238		0		1
1102		188		0		1
1103		158		0		1
1104		160		0		1
1105		158		0		1
1106		305		0		1
1107		437		0		1
1108		398		0		1
1109		339		0		1
1110		281		0		1
1111		235		0		1
1112		405		0		1
1113		271		0		1
1114		206		0		1
1115		184		0		1
1116		378		0		1
1117		335		0		1
1118		310		0		1
1119		289		0		1
1120		267		0		1
1121		238		0		1
1122		316		0		1
1123		240		0		1
1124		211		0		1
1125		165		0		1
1126		389		0		1
1127		355		0		1
1128		352		0		1
1129		299		0		1
1130		282		0		1
1131		260		0		1
1132		246		0		1
1133		188		0		1
1134		193		0		1
1135		157		0		1
1136		157		0		1
1137		395		0		1
1138		336		0		1
1139		266		0		1
1140		230		0		1
1141		198		0		1
1142		331		0		1
1143		241		0		1
1144		218		0		1
1145		180		0		1
1146		261		0		1
1147		194		0		1
1148		208		0		1
1149		184		0		1
1150		158		0		1
1151		199		0		1
1152		158		0		1
1153		158		0		1
1154		414		0		1
1155		335		0		1
1156		289		0		1
1157		299		0		1
1158		269		0		1
1159		233		0		1
1160		198		0		1
1161		333		0		1
1162		263		0		1
1163		261		0		1
1164		279		0		1
1165		200		0		1
1166		202		0		1
1167		284		0		1
1168		272		0		1
1169		249		0		1
1170		206		0		1
1171		188		0		1
1172		183		0		1
1173		163		0		1
1174		256		0		1
1175		229		0		1
1176		240		0		1
1177		168		0		1
1178		172		0		1
1179		150		0		1
1180		152		0		1
1181		246		0		1
1182		236		0		1
1183		246		0		1
1184		182		0		1
1185		178		0		1
1186		159		0		1
1187		239		0		1
1188		218		0		1
1189		233		0		1
1190		164		0		1
1191		164		0		1
1192		168		0		1
1193		141		0		1
1194		141		0		1
1195		271		0		1
1196		241		0		1
1197		258		0		1
1198		229		0		1
1199		233		0		1
1200		180		0		1
1201		175		0		1
1202		166		0		1
1203		146		0		1
1204		269		0		1
1205		252		0		1
1206		265		0		1
1207		250		0		1
1208		232		0		1
1209		230		0		1
1210		233		0		1
1211		232		0		1
1212		254		0		1
1213		196		0		1
1214		176		0		1
1215		164		0		1
1216		179		0		1
1217		160		0		1
1218		140		0		1
1219		172		0		1
1220		175		0		1
1221		183		0		1
1222		145		0		1
1223		147		0		1
1224		352		0		1
1225		275		0		1
1226		229		0		1
1227		234		0		1
1228		204		0		1
1229		264		0		1
1230		203		0		1
1231		201		0		1
1232		214		0		1
1233		222		0		1
1234		275		0		1
1235		223		0		1
1236		195		0		1
1237		172		0		1
1238		187		0		1
1239		157		0		1
1240		163		0		1
1241		305		0		1
1242		250		0		1
1243		186		0		1
1244		266		0		1
1245		249		0		1
1246		170		0		1
1247		169		0		1
1248		172		0		1
1249		152		0		1
1250		161		0		1
1251		169		0		1
1252		289		0		1
1253		209		0		1
1254		184		0		1
1255		198		0		1
1256		227		0		1
1257		196		0		1
1258		166		0		1
1259		167		0		1
1260		163		0		1
1261		200		0		1
1262		183		0		1
1263		198		0		1
1264		182		0		1
1265		169		0		1
1266		164		0		1
1267		165		0		1
1268		172		0		1
1269		166		0		1
1270		182		0		1
1271		195		0		1
1272		210		0		1
1273		254		0		1
1274		230		0		1
1275		215		0		1
1276		188		0		1
1277		187		0		1
1278		160		0		1
1279		330		0		1
1280		306		0		1
1281		238		0		1
1282		226		0		1
1283		201		0		1
1284		177		0		1
1285		139		0		1
1286		326		0		1
1287		281		0		1
1288		207		0		1
1289		182		0		1
1290		154		0		1
1291		269		0		1
1292		185		0		1
1293		168		0		1
1294		139		0		1
1295		192		0		1
1296		145		0		1
1297		223		0		1
1298		263		0		1
1299		156		0		1
1300		190		0		1
1301		245		0		1
1302		267		0		1
1303		216		0		1
1304		237		0		1
1305		204		0		1
1306		228		0		1
1307		138		0		1
1308		193		0		1
1309		229		0		1
1310		263		0		1
1311		181		0		1
1312		212		0		1
1313		161		0		1
1314		192		0		1
1315		159		0		1
1316		200		0		1
1317		152		0		1
1318		195		0		1
1319		164		0		1
1320		219		0		1
1321		485		0		1
1322		359		0		1
1323		323		0		1
1324		391		0		1
1325		303		0		1
1326		267		0		1
1327		212		0		1
1328		270		0		1
1329		194		0		1
1330		188		0		1
1331		329		0		1
1332		281		0		1
1333		331		0		1
1334		226		0		1
1335		207		0		1
1336		184		0		1
1337		165		0		1
1338		159		0		1
1339		316		0		1
1340		268		0		1
1341		293		0		1
1342		396		0		1
1343		286		0		1
1344		213		0		1
1345		218		0		1
1346		184		0		1
1347		245		0		1
1348		246		0		1
1349		186		0		1
1350		176		0		1
1351		186		0		1
1352		157		0		1
1353		176		0		1
1354		157		0		1
1355		151		0		1
1356		305		0		1
1357		309		0		1
1358		351		0		1
1359		416		0		1
1360		287		0		1
1361		214		0		1
1362		220		0		1
1363		221		0		1
1364		180		0		1
1365		287		0		1
1366		231		0		1
1367		239		0		1
1368		224		0		1
1369		183		0		1
1370		180		0		1
1371		249		0		1
1372		189		0		1
1373		170		0		1
1374		177		0		1
1375		147		0		1
1376		164		0		1
1377		146		0		1
1378		140		0		1
1379		528		0		1
1380		290		0		1
1381		218		0		1
1382		186		0		1
1383		276		0		1
1384		230		0		1
1385		163		0		1
1386		266		0		1
1387		232		0		1
1388		274		0		1
1389		190		0		1
1390		209		0		1
1391		156		0		1
1392		155		0		1
1393		226		0		1
1394		180		0		1
1395		225		0		1
1396		168		0		1
1397		294		0		1
1398		191		0		1
1399		185		0		1
1400		147		0		1
1401		214		0		1
1402		150		0		1
1403		147		0		1
1404		311		0		1
1405		323		0		1
1406		281		0		1
1407		289		0		1
1408		215		0		1
1409		228		0		1
1410		257		0		1
1411		188		0		1
1412		196		0		1
1413		170		0		1
1414		178		0		1
1415		253		0		1
1416		257		0		1
1417		227		0		1
1418		233		0		1
1419		244		0		1
1420		173		0		1
1421		179		0		1
1422		165		0		1
1423		175		0		1
1424		146		0		1
1425		152		0		1
1426		292		0		1
1427		220		0		1
1428		238		0		1
1429		222		0		1
1430		246		0		1
1431		171		0		1
1432		184		0		1
1433		164		0		1
1434		186		0		1
1435		155		0		1
1436		178		0		1
1437		135		0		1
1438		148		0		1
1439		319		0		1
1440		347		0		1
1441		245		0		1
1442		263		0		1
1443		214		0		1
1444		229		0		1
1445		209		0		1
1446		218		0		1
1447		175		0		1
1448		185		0		1
1449		226		0		1
1450		239		0		1
1451		178		0		1
1452		190		0		1
1453		155		0		1
1454		167		0		1
1455		154		0		1
1456		172		0		1
1457		186		0		1
1458		199		0		1
1459		168		0		1
1460		196		0		1
1461		182		0		1
1462		225		0		1
1463		150		0		1
1464		170		0		1
1465		150		0		1
1466		180		0		1
1467		150		0		1
1468		185		0		1
1469		232		0		1
1470		223		0		1
1471		182		0		1
1472		226		0		1
1473		189		0		1
1474		201		0		1
1475		144		0		1
1476		191		0		1
1477		149		0		1
1478		180		0		1
1479		135		0		1
1480		221		0		1
1481		145		0		1
1482		283		0		1
1483		316		0		1
1484		366		0		1
1485		183		0		1
1486		197		0		1
1487		237		0		1
1488		197		0		1
1489		210		0		1
1490		237		0		1
1491		149		0		1
1492		166		0		1
1493		231		0		1
1494		164		0		1
1495		177		0		1
1496		211		0		1
1497		146		0		1
1498		175		0		1
1499		225		0		1
1500		153		0		1
1501		201		0		1
1502		266		0		1
1503		404		0		1
1504		330		0		1
1505		342		0		1
1506		267		0		1
1507		259		0		1
1508		222		0		1
1509		320		0		1
1510		240		0		1
1511		217		0		1
1512		260		0		1
1513		195		0		1
1514		229		0		1
1515		202		0		1
1516		189		0		1
1517		427		0		1
1518		255		0		1
1519		235		0		1
1520		189		0		1
1521		304		0		1
1522		224		0		1
1523		184		0		1
1524		232		0		1
1525		156		0		1
1526		190		0		1
1527		162		0		1
1528		149		0		1
1529		304		0		1
1530		388		0		1
1531		243		0		1
1532		233		0		1
1533		290		0		1
1534		196		0		1
1535		237		0		1
1536		181		0		1
1537		218		0		1
1538		293		0		1
1539		396		0		1
1540		217		0		1
1541		293		0		1
1542		207		0		1
1543		278		0		1
1544		161		0		1
1545		214		0		1
1546		141		0		1
1547		185		0		1
1548		290		0		1
1549		225		0		1
1550		228		0		1
1551		205		0		1
1552		216		0		1
1553		180		0		1
1554		190		0		1
1555		353		0		1
1556		286		0		1
1557		194		0		1
1558		216		0		1
1559		168		0		1
1560		192		0		1
1561		140		0		1
1562		157		0		1
1563		198		0		1
1564		247		0		1
1565		290		0		1
1566		155		0		1
1567		191		0		1
1568		224		0		1
1569		144		0		1
1570		176		0		1
1571		213		0		1
1572		185		0		1
1573		226		0		1
1574		298		0		1
1575		143		0		1
1576		170		0		1
1577		222		0		1
1578		158		0		1
1579		171		0		1
1580		205		0		1
1581		171		0		1
1582		263		0		1
1583		205		0		1
1584		263		0		1
1585		343		0		1
1586		252		0		1
1587		184		0		1
1588		182		0		1
1589		164		0		1
1590		568		0		1
1591		374		0		1
1592		312		0		1
1593		284		0		1
1594		582		0		1
1595		365		0		1
1596		239		0		1
1597		300		0		1
1598		203		0		1
1599		202		0		1
1600		179		0		1
1601		201		0		1
1602		372		0		1
1603		322		0		1
1604		247		0		1
1605		186		0		1
1606		161		0		1
1607		170		0		1
1608		356		0		1
1609		268		0		1
1610		207		0		1
1611		266		0		1
1612		209		0		1
1613		183		0		1
1614		172		0		1
1615		160		0		1
1616		167		0		1
1617		400		0		1
1618		279		0		1
1619		243		0		1
1620		290		0		1
1621		187		0		1
1622		261		0		1
1623		176		0		1
1624		174		0		1
1625		184		0		1
1626		155		0		1
1627		148		0		1
1628		191		0		1
1629		185		0		1
1630		162		0		1
1631		146		0		1
1632		133		0		1
1633		198		0		1
1634		188		0		1
1635		159		0		1
1636		293		0		1
1637		189		0		1
1638		173		0		1
1639		216		0		1
1640		212		0		1
1641		147		0		1
1642		168		0		1
1643		182		0		1
1644		155		0		1
1645		153		0		1
1646		174		0		1
1647		220		0		1
1648		199		0		1
1649		231		0		1
1650		191		0		1
1651		160		0		1
1652		215		0		1
1653		159		0		1
1654		133		0		1
1655		233		0		1
1656		298		0		1
1657		166		0		1
1658		221		0		1
1659		141		0		1
1660		221		0		1
1661		255		0		1
1662		182		0		1
1663		185		0		1
1664		149		0		1
1665		334		0		1
1666		280		0		1
1667		209		0		1
1668		176		0		1
1669		188		0		1
1670		163		0		1
1671		193		0		1
1672		162		0		1
1673		140		0		1
1674		151		0		1
1675		231		0		1
1676		218		0		1
1677		166		0		1
1678		153		0		1
1679		201		0		1
1680		212		0		1
1681		141		0		1
1682		145		0		1
1683		220		0		1
1684		210		0		1
1685		213		0		1
1686		150		0		1
1687		146		0		1
1688		200		0		1
1689		134		0		1
1690		138		0		1
1691		234		0		1
1692		213		0		1
1693		148		0		1
1694		139		0		1
1695		133		0		1
1696		146		0		1
1697		168		0		1
1698		141		0		1
1699		147		0		1
1700		166		0		1
1701		150		0		1
1702		148		0		1
1703		159		0		1
1704		141		0		1
1705		140		0		1
1706		148		0		1
1707		264		0		1
1708		184		0		1
1709		166		0		1
1710		180		0		1
1711		207		0		1
1712		180		0		1
1713		150		0		1
1714		153		0		1
1715		147		0		1
1716		184		0		1
1717		167		0		1
1718		177		0		1
1719		166		0		1
1720		153		0		1
1721		152		0		1
1722		153		0		1
1723		150		0		1
1724		142		0		1
1725		168		0		1
1726		146		0		1
1727		150		0		1
1728		133		0		1
1729		150		0		1
1730		137		0		1
1731		164		0		1
1732		125		0		1
1733		166		0		1
1734		204		0		1
1735		231		0		1
1736		161		0		1
1737		185		0		1
1738		145		0		1
1739		166		0		1
1740		143		0		1
1741		136		0		1
1742		256		0		1
1743		161		0		1
1744		158		0		1
1745		183		0		1
1746		137		0		1
1747		129		0		1
1748		165		0		1
1749		158		0		1
1750		184		0		1
1751		138		0		1
1752		124		0		1
1753		189		0		1
1754		146		0		1
1755		156		0		1
1756		155		0		1
1757		201		0		1
1758		129		0		1
1759		149		0		1
1760		201		0		1
1761		202		0		1
1762		141		0		1
1763		142		0		1
1764		133		0		1
1765		135		0		1
1766		137		0		1
1767		146		0		1
1768		128		0		1
1769		135		0		1
1770		161		0		1
1771		167		0		1
1772		150		0		1
1773		164		0		1
1774		134		0		1
1775		136		0		1
1776		139		0		1
1777		131		0		1
1778		158		0		1
1779		139		0		1
1780		145		0		1
1781		128		0		1
1782		135		0		1
1783		183		0		1
1784		161		0		1
1785		221		0		1
1786		156		0		1
1787		127		0		1
1788		177		0		1
1789		280		0		1
1790		124		0		1
1791		195		0		1
1792		155		0		1
1793		160		0		1
1794		132		0		1
1795		138		0		1
1796		173		0		1
1797		215		0		1
1798		133		0		1
1799		143		0		1
1800		215		0		1
1801		133		0		1
1802		146		0		1
1803		445		0		1
1804		280		0		1
1805		188		0		1
1806		164		0		1
1807		260		0		1
1808		220		0		1
1809		148		0		1
1810		249		0		1
1811		180		0		1
1812		196		0		1
1813		149		0		1
1814		142		0		1
1815		185		0		1
1816		207		0		1
1817		194		0		1
1818		144		0		1
1819		153		0		1
1820		166		0		1
1821		146		0		1
1822		149		0		1
1823		156		0		1
1824		182		0		1
1825		148		0		1
1826		167		0		1
1827		122		0		1
1828		125		0		1
1829		180		0		1
1830		193		0		1
1831		170		0		1
1832		157		0		1
1833		144		0		1
1834		161		0		1
1835		143		0		1
1836		136		0		1
1837		139		0		1
1838		132		0		1
1839		120		0		1
1840		960		0		1
1841		712		0		1
1842		652		0		1
1843		488		0		1
1844		377		0		1
1845		587		0		1
1846		335		0		1
1847		545		0		1
1848		442		0		1
1849		440		0		1
1850		368		0		1
1851		327		0		1
1852		408		0		1
1853		332		0		1
1854		278		0		1
1855		331		0		1
1856		287		0		1
1857		263		0		1
1858		366		0		1
1859		280		0		1
1860		241		0		1
1861		331		0		1
1862		261		0		1
1863		228		0		1
1864		243		0		1
1865		220		0		1
1866		253		0		1
1867		204		0		1
1868		185		0		1
1869		194		0		1
1870		184		0		1
1871		201		0		1
1872		619		0		1
1873		455		0		1
1874		372		0		1
1875		460		0		1
1876		304		0		1
1877		344		0		1
1878		306		0		1
1879		284		0		1
1880		453		0		1
1881		336		0		1
1882		283		0		1
1883		463		0		1
1884		343		0		1
1885		266		0		1
1886		355		0		1
1887		229		0		1
1888		272		0		1
1889		239		0		1
1890		217		0		1
1891		282		0		1
1892		219		0		1
1893		191		0		1
1894		276		0		1
1895		225		0		1
1896		193		0		1
1897		194		0		1
1898		186		0		1
1899		216		0		1
1900		166		0		1
1901		181		0		1
1902		208		0		1
1903		460		0		1
1904		465		0		1
1905		410		0		1
1906		368		0		1
1907		297		0		1
1908		415		0		1
1909		327		0		1
1910		235		0		1
1911		339		0		1
1912		271		0		1
1913		310		0		1
1914		253		0		1
1915		191		0		1
1916		261		0		1
1917		217		0		1
1918		233		0		1
1919		227		0		1
1920		185		0		1
1921		179		0		1
1922		230		0		1
1923		181		0		1
1924		167		0		1
1925		539		0		1
1926		604		0		1
1927		395		0		1
1928		450		0		1
1929		289		0		1
1930		369		0		1
1931		383		0		1
1932		433		0		1
1933		290		0		1
1934		333		0		1
1935		217		0		1
1936		277		0		1
1937		226		0		1
1938		267		0		1
1939		182		0		1
1940		242		0		1
1941		175		0		1
1942		255		0		1
1943		536		0		1
1944		356		0		1
1945		296		0		1
1946		246		0		1
1947		258		0		1
1948		205		0		1
1949		170		0		1
1950		297		0		1
1951		212		0		1
1952		160		0		1
1953		158		0		1
1954		398		0		1
1955		318		0		1
1956		248		0		1
1957		306		0		1
1958		210		0		1
1959		244		0		1
1960		215		0		1
1961		202		0		1
1962		262		0		1
1963		204		0		1
1964		179		0		1
1965		258		0		1
1966		219		0		1
1967		185		0		1
1968		195		0		1
1969		230		0		1
1970		263		0		1
1971		211		0		1
1972		218		0		1
1973		181		0		1
1974		182		0		1
1975		147		0		1
1976		206		0		1
1977		151		0		1
1978		318		0		1
1979		352		0		1
1980		241		0		1
1981		272		0		1
1982		189		0		1
1983		208		0		1
1984		239		0		1
1985		176		0		1
1986		303		0		1
1987		271		0		1
1988		211		0		1
1989		234		0		1
1990		195		0		1
1991		161		0		1
1992		344		0		1
1993		239		0		1
1994		218		0		1
1995		160		0		1
1996		153		0		1
1997		260		0		1
1998		273		0		1
1999		211		0		1
2000		175		0		1
2001		229		0		1
2002		174		0		1
2003		241		0		1
2004		201		0		1
2005		186		0		1
2006		147		0		1
2007		249		0		1
2008		160		0		1
2009		226		0		1
2010		239		0		1
2011		179		0		1
2012		193		0		1
2013		308		0		1
2014		348		0		1
2015		268		0		1
2016		272		0		1
2017		203		0		1
2018		256		0		1
2019		212		0		1
2020		165		0		1
2021		199		0		1
2022		171		0		1
2023		158		0		1
2024		358		0		1
2025		461		0		1
2026		246		0		1
2027		317		0		1
2028		259		0		1
2029		335		0		1
2030		185		0		1
2031		238		0		1
2032		157		0		1
2033		201		0		1
2034		228		0		1
2035		250		0		1
2036		192		0		1
2037		216		0		1
2038		156		0		1
2039		173		0		1
2040		260		0		1
2041		309		0		1
2042		228		0		1
2043		269		0		1
2044		341		0		1
2045		173		0		1
2046		200		0		1
2047		252		0		1
2048		213		0		1
2049		226		0		1
2050		374		0		1
2051		297		0		1
2052		254		0		1
2053		277		0		1
2054		235		0		1
2055		192		0		1
2056		180		0		1
2057		371		0		1
2058		268		0		1
2059		214		0		1
2060		267		0		1
2061		176		0		1
2062		216		0		1
2063		175		0		1
2064		174		0		1
2065		259		0		1
2066		191		0		1
2067		182		0		1
2068		294		0		1
2069		374		0		1
2070		217		0		1
2071		194		0		1
2072		343		0		1
2073		263		0		1
2074		205		0		1
2075		263		0		1
2076		171		0		1
2077		205		0		1
2078		171		0		1
2079		158		0		1
2080		209		0		1
2081		157		0		1
2082		130		0		1
2083		168		0		1
2084		136		0		1
2085		134		0		1
2086		117		0		1
2087		162		0		1
2088		118		0		1
2089		114		0		1
2090		127		0		1
2091		198		0		1
2092		150		0		1
2093		129		0		1
2094		111		0		1
2095		98		0		1
2096		91		0		1
2097		97		0		1
2098		116		0		1
2099		100		0		1
2100		98		0		1
2101		90		0		1
2102		98		0		1
2103		130		0		1
2104		103		0		1
2105		97		0		1
2106		98		0		1
2107		111		0		1
2108		263		0		1
2109		288		0		1
2110		198		0		1
2111		216		0		1
2112		150		0		1
2113		175		0		1
2114		155		0		1
2115		169		0		1
2116		125		0		1
2117		145		0		1
2118		121		0		1
2119		150		0		1
2120		183		0		1
2121		208		0		1
2122		126		0		1
2123		140		0		1
2124		101		0		1
2125		117		0		1
2126		87		0		1
2127		109		0		1
2128		145		0		1
2129		163		0		1
2130		121		0		1
2131		135		0		1
2132		113		0		1
2133		127		0		1
2134		80		0		1
2135		114		0		1
2136		149		0		1
2137		174		0		1
2138		111		0		1
2139		130		0		1
2140		95		0		1
2141		111		0		1
2142		93		0		1
2143		120		0		1
2144		86		0		1
2145		110		0		1
2146		93		0		1
2147		127		0		1
2148		205		0		1
2149		209		0		1
2150		168		0		1
2151		176		0		1
2152		136		0		1
2153		140		0		1
2154		176		0		1
2155		187		0		1
2156		127		0		1
2157		134		0		1
2158		114		0		1
2159		116		0		1
2160		155		0		1
2161		157		0		1
2162		125		0		1
2163		127		0		1
2164		116		0		1
2165		115		0		1
2166		91		0		1
2167		93		0		1
2168		126		0		1
2169		130		0		1
2170		108		0		1
2171		107		0		1
2172		85		0		1
2173		87		0		1
2174		83		0		1
2175		86		0		1
2176		106		0		1
2177		110		0		1
2178		100		0		1
2179		110		0		1
2180		114		0		1
2181		129		0		1
2182		84		0		1
2183		90		0		1
2184		86		0		1
2185		96		0		1
2186		84		0		1
2187		93		0		1
2188		171		0		1
2189		175		0		1
2190		189		0		1
2191		136		0		1
2192		145		0		1
2193		167		0		1
2194		140		0		1
2195		156		0		1
2196		188		0		1
2197		126		0		1
2198		128		0		1
2199		142		0		1
2200		101		0		1
2201		104		0		1
2202		120		0		1
2203		90		0		1
2204		94		0		1
2205		116		0		1
2206		97		0		1
2207		101		0		1
2208		115		0		1
2209		79		0		1
2210		83		0		1
2211		120		0		1
2212		84		0		1
2213		88		0		1
2214		104		0		1
2215		78		0		1
2216		89		0		1
2217		115		0		1
2218		85		0		1
2219		105		0		1
2220		142		0		1
2221		235		0		1
2222		185		0		1
2223		159		0		1
2224		166		0		1
2225		162		0		1
2226		171		0		1
2227		239		0		1
2228		205		0		1
2229		245		0		1
2230		249		0		1
2231		150		0		1
2232		173		0		1
2233		178		0		1
2234		126		0		1
2235		141		0		1
2236		142		0		1
2237		145		0		1
2238		185		0		1
2239		177		0		1
2240		97		0		1
2241		112		0		1
2242		113		0		1
2243		122		0		1
2244		155		0		1
2245		144		0		1
2246		95		0		1
2247		114		0		1
2248		112		0		1
2249		89		0		1
2250		104		0		1
2251		106		0		1
2252		118		0		1
2253		158		0		1
2254		166		0		1
2255		85		0		1
2256		109		0		1
2257		117		0		1
2258		78		0		1
2259		95		0		1
2260		103		0		1
2261		158		0		1
2262		162		0		1
2263		176		0		1
2264		171		0		1
2265		180		0		1
2266		196		0		1
2267		215		0		1
2268		260		0		1
2269		113		0		1
2270		115		0		1
2271		129		0		1
2272		121		0		1
2273		128		0		1
2274		146		0		1
2275		153		0		1
2276		188		0		1
2277		89		0		1
2278		93		0		1
2279		107		0		1
2280		95		0		1
2281		107		0		1
2282		113		0		1
2283		117		0		1
2284		167		0		1
2285		78		0		1
2286		82		0		1
2287		98		0		1
2288		91		0		1
2289		109		0		1
2290		116		0		1
2291		139		0		1
2292		189		0		1
2293		190		0		1
2294		171		0		1
2295		134		0		1
2296		218		0		1
2297		153		0		1
2298		129		0		1
2299		154		0		1
2300		125		0		1
2301		150		0		1
2302		116		0		1
2303		136		0		1
2304		108		0		1
2305		126		0		1
2306		90		0		1
2307		106		0		1
2308		86		0		1
2309		100		0		1
2310		127		0		1
2311		156		0		1
2312		116		0		1
2313		141		0		1
2314		88		0		1
2315		110		0		1
2316		81		0		1
2317		100		0		1
2318		75		0		1
2319		109		0		1
2320		73		0		1
2321		100		0		1
2322		134		0		1
2323		132		0		1
2324		117		0		1
2325		113		0		1
2326		114		0		1
2327		110		0		1
2328		106		0		1
2329		102		0		1
2330		113		0		1
2331		100		0		1
2332		98		0		1
2333		83		0		1
2334		77		0		1
2335		78		0		1
2336		121		0		1
2337		110		0		1
2338		85		0		1
2339		79		0		1
2340		111		0		1
2341		107		0		1
2342		109		0		1
2343		127		0		1
2344		98		0		1
2345		94		0		1
2346		96		0		1
2347		114		0		1
2348		90		0		1
2349		86		0		1
2350		87		0		1
2351		109		0		1
2352		91		0		1
2353		88		0		1
2354		92		0		1
2355		110		0		1
2356		83		0		1
2357		77		0		1
2358		80		0		1
2359		117		0		1
2360		84		0		1
2361		87		0		1
2362		91		0		1
2363		111		0		1
2364		78		0		1
2365		81		0		1
2366		95		0		1
2367		127		0		1
2368		91		0		1
2369		87		0		1
2370		103		0		1
2371		140		0		1
2372		138		0		1
2373		144		0		1
2374		116		0		1
2375		158		0		1
2376		114		0		1
2377		154		0		1
2378		135		0		1
2379		108		0		1
2380		148		0		1
2381		102		0		1
2382		135		0		1
2383		118		0		1
2384		79		0		1
2385		102		0		1
2386		77		0		1
2387		96		0		1
2388		89		0		1
2389		108		0		1
2390		157		0		1
2391		106		0		1
2392		146		0		1
2393		142		0		1
2394		74		0		1
2395		103		0		1
2396		73		0		1
2397		97		0		1
2398		95		0		1
2399		98		0		1
2400		100		0		1
2401		127		0		1
2402		94		0		1
2403		96		0		1
2404		114		0		1
2405		98		0		1
2406		109		0		1
2407		123		0		1
2408		119		0		1
2409		150		0		1
2410		83		0		1
2411		85		0		1
2412		107		0		1
2413		80		0		1
2414		84		0		1
2415		102		0		1
2416		83		0		1
2417		102		0		1
2418		101		0		1
2419		99		0		1
2420		145		0		1
2421		78		0		1
2422		85		0		1
2423		116		0		1
2424		81		0		1
2425		85		0		1
2426		105		0		1
2427		87		0		1
2428		114		0		1
2429		112		0		1
2430		123		0		1
2431		169		0		1
2432		284		0		1
2433		196		0		1
2434		146		0		1
2435		404		0		1
2436		248		0		1
2437		158		0		1
2438		195		0		1
2439		134		0		1
2440		274		0		1
2441		167		0		1
2442		162		0		1
2443		118		0		1
2444		184		0		1
2445		127		0		1
2446		121		0		1
2447		187		0		1
2448		115		0		1
2449		218		0		1
2450		130		0		1
2451		127		0		1
2452		102		0		1
2453		111		0		1
2454		108		0		1
2455		84		0		1
2456		91		0		1
2457		85		0		1
2458		78		0		1
2459		82		0		1
2460		118		0		1
2461		143		0		1
2462		165		0		1
2463		121		0		1
2464		135		0		1
2465		87		0		1
2466		96		0		1
2467		112		0		1
2468		87		0		1
2469		97		0		1
2470		134		0		1
2471		175		0		1
2472		207		0		1
2473		144		0		1
2474		164		0		1
2475		88		0		1
2476		101		0		1
2477		123		0		1
2478		86		0		1
2479		100		0		1
2480		74		0		1
2481		84		0		1
2482		121		0		1
2483		75		0		1
2484		97		0		1
2485		127		0		1
2486		119		0		1
2487		120		0		1
2488		114		0		1
2489		129		0		1
2490		121		0		1
2491		114		0		1
2492		107		0		1
2493		121		0		1
2494		104		0		1
2495		102		0		1
2496		98		0		1
2497		91		0		1
2498		81		0		1
2499		82		0		1
2500		78		0		1
2501		97		0		1
2502		91		0		1
2503		95		0		1
2504		113		0		1
2505		91		0		1
2506		89		0		1
2507		100		0		1
2508		97		0		1
2509		94		0		1
2510		102		0		1
2511		120		0		1
2512		96		0		1
2513		90		0		1
2514		93		0		1
2515		115		0		1
2516		87		0		1
2517		86		0		1
2518		100		0		1
2519		96		0		1
2520		102		0		1
2521		110		0		1
2522		130		0		1
2523		85		0		1
2524		77		0		1
2525		82		0		1
2526		119		0		1
2527		78		0		1
2528		78		0		1
2529		100		0		1
2530		82		0		1
2531		85		0		1
2532		103		0		1
2533		135		0		1
2534		146		0		1
2535		156		0		1
2536		114		0		1
2537		139		0		1
2538		187		0		1
2539		119		0		1
2540		148		0		1
2541		135		0		1
2542		80		0		1
2543		89		0		1
2544		115		0		1
2545		82		0		1
2546		97		0		1
2547		90		0		1
2548		116		0		1
2549		148		0		1
2550		206		0		1
2551		132		0		1
2552		167		0		1
2553		176		0		1
2554		75		0		1
2555		85		0		1
2556		117		0		1
2557		79		0		1
2558		98		0		1
2559		100		0		1
2560		98		0		1
2561		85		0		1
2562		89		0		1
2563		110		0		1
2564		90		0		1
2565		91		0		1
2566		85		0		1
2567		97		0		1
2568		96		0		1
2569		93		0		1
2570		100		0		1
2571		124		0		1
2572		90		0		1
2573		98		0		1
2574		116		0		1
2575		94		0		1
2576		125		0		1
2577		108		0		1
2578		110		0		1
2579		175		0		1
2580		93		0		1
2581		80		0		1
2582		83		0		1
2583		108		0		1
2584		86		0		1
2585		93		0		1
2586		82		0		1
2587		97		0		1
2588		103		0		1
2589		93		0		1
2590		109		0		1
2591		143		0		1
2592		99		0		1
2593		107		0		1
2594		127		0		1
2595		107		0		1
2596		151		0		1
2597		127		0		1
2598		151		0		1
2599		216		0		1
2600		356		0		1
2601		291		0		1
2602		302		0		1
2603		199		0		1
2604		228		0		1
2605		159		0		1
2606		394		0		1
2607		235		0		1
2608		553		0		1
2609		338		0		1
2610		275		0		1
2611		397		0		1
2612		135		0		1
2613		166		0		1
2614		382		0		1
2615		141		0		1
2616		192		0		1
2617		273		0		1
2618		238		0		1
2619		204		0		1
2620		172		0		1
2621		201		0		1
2622		164		0		1
2623		258		0		1
2624		204		0		1
2625		209		0		1
2626		129		0		1
2627		272		0		1
2628		163		0		1
2629		296		0		1
2630		176		0		1
2631		249		0		1
2632		169		0		1
2633		106		0		1
2634		126		0		1
2635		134		0		1
2636		129		0		1
2637		149		0		1
2638		212		0		1
2639		208		0		1
2640		177		0		1
2641		84		0		1
2642		100		0		1
2643		106		0		1
2644		101		0		1
2645		118		0		1
2646		158		0		1
2647		151		0		1
2648		135		0		1
2649		91		0		1
2650		78		0		1
2651		117		0		1
2652		94		0		1
2653		119		0		1
2654		97		0		1
2655		107		0		1
2656		94		0		1
2657		130		0		1
2658		134		0		1
2659		151		0		1
2660		157		0		1
2661		171		0		1
2662		196		0		1
2663		246		0		1
2664		291		0		1
2665		157		0		1
2666		199		0		1
2667		228		0		1
2668		95		0		1
2669		97		0		1
2670		110		0		1
2671		111		0		1
2672		119		0		1
2673		150		0		1
2674		172		0		1
2675		207		0		1
2676		111		0		1
2677		141		0		1
2678		164		0		1
2679		78		0		1
2680		82		0		1
2681		95		0		1
2682		85		0		1
2683		98		0		1
2684		107		0		1
2685		120		0		1
2686		170		0		1
2687		91		0		1
2688		104		0		1
2689		135		0		1
2690		137		0		1
2691		154		0		1
2692		130		0		1
2693		126		0		1
2694		197		0		1
2695		189		0		1
2696		161		0		1
2697		116		0		1
2698		150		0		1
2699		144		0		1
2700		149		0		1
2701		158		0		1
2702		166		0		1
2703		114		0		1
2704		106		0		1
2705		163		0		1
2706		146		0		1
2707		126		0		1
2708		100		0		1
2709		124		0		1
2710		118		0		1
2711		123		0		1
2712		125		0		1
2713		142		0		1
2714		85		0		1
2715		81		0		1
2716		117		0		1
2717		107		0		1
2718		97		0		1
2719		78		0		1
2720		94		0		1
2721		90		0		1
2722		95		0		1
2723		97		0		1
2724		107		0		1
2725		97		0		1
2726		93		0		1
2727		95		0		1
2728		111		0		1
2729		103		0		1
2730		100		0		1
2731		111		0		1
2732		145		0		1
2733		139		0		1
2734		137		0		1
2735		168		0		1
2736		100		0		1
2737		105		0		1
2738		123		0		1
2739		120		0		1
2740		141		0		1
2741		130		0		1
2742		142		0		1
2743		150		0		1
2744		174		0		1
2745		84		0		1
2746		81		0		1
2747		85		0		1
2748		101		0		1
2749		86		0		1
2750		83		0		1
2751		102		0		1
2752		113		0		1
2753		105		0		1
2754		105		0		1
2755		151		0		1
2756		84		0		1
2757		94		0		1
2758		99		0		1
2759		97		0		1
2760		126		0		1
2761		102		0		1
2762		109		0		1
2763		127		0		1
2764		163		0		1
2765		127		0		1
2766		145		0		1
2767		123		0		1
2768		195		0		1
2769		152		0		1
2770		139		0		1
2771		117		0		1
2772		123		0		1
2773		148		0		1
2774		135		0		1
2775		134		0		1
2776		154		0		1
2777		148		0		1
2778		176		0		1
2779		157		0		1
2780		192		0		1
2781		263		0		1
2782		176		0		1
2783		220		0		1
2784		248		0		1
2785		93		0		1
2786		95		0		1
2787		86		0		1
2788		123		0		1
2789		101		0		1
2790		94		0		1
2791		86		0		1
2792		86		0		1
2793		101		0		1
2794		93		0		1
2795		93		0		1
2796		102		0		1
2797		102		0		1
2798		120		0		1
2799		116		0		1
2800		129		0		1
2801		174		0		1
2802		123		0		1
2803		151		0		1
2804		172		0		1
2805		111		0		1
2806		98		0		1
2807		95		0		1
2808		98		0		1
2809		89		0		1
2810		97		0		1
2811		94		0		1
2812		102		0		1
2813		118		0		1
2814		101		0		1
2815		118		0		1
2816		97		0		1
2817		103		0		1
2818		96		0		1
2819		100		0		1
2820		127		0		1
2821		128		0		1
2822		110		0		1
2823		114		0		1
2824		179		0		1
2825		98		0		1
2826		90		0		1
2827		89		0		1
2828		105		0		1
2829		98		0		1
2830		100		0		1
2831		103		0		1
2832		116		0		1
2833		114		0		1
2834		110		0		1
2835		150		0		1
2836		97		0		1
2837		91		0		1
2838		102		0		1
2839		98		0		1
2840		111		0		1
2841		101		0		1
2842		116		0		1
2843		120		0		1
2844		125		0		1
2845		158		0		1
2846		208		0		1
2847		127		0		1
2848		114		0		1
2849		112		0		1
2850		146		0		1
2851		117		0		1
2852		134		0		1
2853		111		0		1
2854		133		0		1
2855		150		0		1
2856		126		0		1
2857		153		0		1
2858		200		0		1
2859		138		0		1
2860		146		0		1
2861		170		0		1
2862		151		0		1
2863		208		0		1
2864		180		0		1
2865		223		0		1
2866		288		0		1
2867		233		0		1
2868		182		0		1
2869		139		0		1
2870		203		0		1
2871		159		0		1
2872		170		0		1
2873		127		0		1
2874		133		0		1
2875		214		0		1
2876		208		0		1
2877		233		0		1
2878		151		0		1
2879		170		0		1
2880		114		0		1
2881		141		0		1
2882		125		0		1
2883		102		0		1
2884		126		0		1
2885		109		0		1
2886		143		0		1
2887		183		0		1
2888		133		0		1
2889		100		0		1
2890		82		0		1
2891		80		0		1
2892		116		0		1
2893		120		0		1
2894		136		0		1
2895		94		0		1
2896		105		0		1
2897		131		0		1
2898		105		0		1
2899		125		0		1
2900		162		0		1
2901		91		0		1
2902		95		0		1
2903		109		0		1
2904		76		0		1
2905		85		0		1
2906		107		0		1
2907		80		0		1
2908		96		0		1
2909		128		0		1
2910		130		0		1
2911		150		0		1
2912		190		0		1
2913		198		0		1
2914		103		0		1
2915		127		0		1
2916		135		0		1
2917		96		0		1
2918		113		0		1
2919		121		0		1
2920		125		0		1
2921		165		0		1
2922		169		0		1
2923		85		0		1
2924		108		0		1
2925		113		0		1
2926		71		0		1
2927		86		0		1
2928		87		0		1
2929		103		0		1
2930		107		0		1
2931		123		0		1
2932		116		0		1
2933		134		0		1
2934		141		0		1
2935		164		0		1
2936		214		0		1
2937		78		0		1
2938		82		0		1
2939		96		0		1
2940		91		0		1
2941		100		0		1
2942		116		0		1
2943		135		0		1
2944		180		0		1
2945		86		0		1
2946		82		0		1
2947		73		0		1
2948		69		0		1
2949		73		0		1
2950		72		0		1
2951		68		0		1
2952		70		0		1
2953		69		0		1
2954		62		0		1
2955		64		0		1
2956		77		0		1
2957		68		0		1
2958		103		0		1
2959		151		0		1
2960		89		0		1
2961		131		0		1
2962		87		0		1
2963		127		0		1
2964		107		0		1
2965		106		0		1
2966		156		0		1
2967		84		0		1
2968		124		0		1
2969		77		0		1
2970		110		0		1
2971		90		0		1
2972		113		0		1
2973		173		0		1
2974		87		0		1
2975		136		0		1
2976		80		0		1
2977		120		0		1
2978		107		0		1
2979		73		0		1
2980		75		0		1
2981		102		0		1
2982		69		0		1
2983		73		0		1
2984		73		0		1
2985		98		0		1
2986		93		0		1
2987		65		0		1
2988		66		0		1
2989		88		0		1
2990		61		0		1
2991		65		0		1
2992		63		0		1
2993		81		0		1
2994		76		0		1
2995		64		0		1
2996		69		0		1
2997		100		0		1
2998		62		0		1
2999		66		0		1
3000		66		0		1
3001		91		0		1
3002		93		0		1
3003		91		0		1
3004		124		0		1
3005		150		0		1
3006		77		0		1
3007		102		0		1
3008		111		0		1
3009		164		0		1
3010		201		0		1
3011		91		0		1
3012		132		0		1
3013		72		0		1
3014		66		0		1
3015		72		0		1
3016		66		0		1
3017		78		0		1
3018		72		0		1
3019		76		0		1
3020		67		0		1
3021		71		0		1
3022		62		0		1
3023		66		0		1
3024		62		0		1
3025		94		0		1
3026		127		0		1
3027		185		0		1
3028		80		0		1
3029		105		0		1
3030		153		0		1
3031		82		0		1
3032		111		0		1
3033		93		0		1
3034		101		0		1
3035		143		0		1
3036		212		0		1
3037		85		0		1
3038		117		0		1
3039		175		0		1
3040		91		0		1
3041		126		0		1
3042		120		0		1
3043		60		0		1
3044		66		0		1
3045		62		0		1
3046		68		0		1
3047		73		0		1
3048		97		0		1
3049		62		0		1
3050		68		0		1
3051		64		0		1
3052		78		0		1
3053		75		0		1
3054		62		0		1
3055		66		0		1
3056		63		0		1
3057		85		0		1
3058		119		0		1
3059		69		0		1
3060		75		0		1
3061		73		0		1
3062		93		0		1
3063		102		0		1
3064		132		0		1
3065		172		0		1
3066		100		0		1
3067		237		0		1
3068		137		0		1
3069		273		0		1
3070		158		0		1
3071		90		0		1
3072		114		0		1
3073		137		0		1
3074		154		0		1
3075		89		0		1
3076		217		0		1
3077		123		0		1
3078		241		0		1
3079		136		0		1
3080		178		0		1
3081		113		0		1
3082		72		0		1
3083		92		0		1
3084		100		0		1
3085		84		0		1
3086		97		0		1
3087		118		0		1
3088		153		0		1
3089		161		0		1
3090		223		0		1
3091		273		0		1
3092		79		0		1
3093		96		0		1
3094		116		0		1
3095		141		0		1
3096		191		0		1
3097		236		0		1
3098		86		0		1
3099		128		0		1
3100		157		0		1
3101		117		0		1
3102		190		0		1
3103		95		0		1
3104		133		0		1
3105		140		0		1
3106		103		0		1
3107		99		0		1
3108		170		0		1
3109		162		0		1
3110		133		0		1
3111		85		0		1
3112		119		0		1
3113		112		0		1
3114		118		0		1
3115		111		0		1
3116		171		0		1
3117		89		0		1
3118		119		0		1
3119		133		0		1
3120		90		0		1
3121		81		0		1
3122		139		0		1
3123		121		0		1
3124		98		0		1
3125		73		0		1
3126		97		0		1
3127		96		0		1
3128		87		0		1
3129		72		0		1
3130		120		0		1
3131		114		0		1
3132		111		0		1
3133		94		0		1
3134		101		0		1
3135		97		0		1
3136		66		0		1
3137		85		0		1
3138		82		0		1
3139		77		0		1
3140		80		0		1
3141		76		0		1
3142		193		0		1
3143		129		0		1
3144		150		0		1
3145		132		0		1
3146		177		0		1
3147		259		0		1
3148		86		0		1
3149		161		0		1
3150		115		0		1
3151		107		0		1
3152		113		0		1
3153		91		0		1
3154		116		0		1
3155		151		0		1
3156		222		0		1
3157		119		0		1
3158		163		0		1
3159		80		0		1
3160		86		0		1
3161		75		0		1
3162		89		0		1
3163		166		0		1
3164		93		0		1
3165		101		0		1
3166		130		0		1
3167		129		0		1
3168		178		0		1
3169		84		0		1
3170		113		0		1
3171		142		0		1
3172		182		0		1
3173		91		0		1
3174		115		0		1
3175		102		0		1
3176		68		0		1
3177		114		0		1
3178		118		0		1
3179		138		0		1
3180		120		0		1
3181		147		0		1
3182		145		0		1
3183		156		0		1
3184		202		0		1
3185		74		0		1
3186		76		0		1
3187		90		0		1
3188		80		0		1
3189		87		0		1
3190		105		0		1
3191		107		0		1
3192		142		0		1
3193		85		0		1
3194		89		0		1
3195		114		0		1
3196		60		0		1
3197		64		0		1
3198		56		0		1
3199		156		0		1
3200		226		0		1
3201		108		0		1
3202		164		0		1
3203		239		0		1
3204		112		0		1
3205		237		0		1
3206		130		0		1
3207		228		0		1
3208		128		0		1
3209		249		0		1
3210		137		0		1
3211		193		0		1
3212		109		0		1
3213		191		0		1
3214		105		0		1
3215		143		0		1
3216		174		0		1
3217		167		0		1
3218		214		0		1
3219		260		0		1
3220		97		0		1
3221		132		0		1
3222		156		0		1
3223		273		0		1
3224		208		0		1
3225		184		0		1
3226		208		0		1
3227		131		0		1
3228		184		0		1
3229		125		0		1
3230		122		0		1
3231		164		0		1
3232		110		0		1
3233		234		0		1
3234		161		0		1
3235		184		0		1
3236		268		0		1
3237		334		0		1
3238		170		0		1
3239		285		0		1
3240		148		0		1
3241		133		0		1
3242		132		0		1
3243		157		0		1
3244		189		0		1
3245		249		0		1
3246		289		0		1
3247		354		0		1
3248		311		0		1
3249		217		0		1
3250		140		0		1
3251		179		0		1
3252		128		0		1
3253		242		0		1
3254		768		0		1
3255		376		0		1
3256		267		0		1
3257		180		0		1
3258		296		0		1
3259		136		0		1
3260		200		0		1
3261		146		0		1
3262		123		0		1
3263		419		0		1
3264		299		0		1
3265		197		0		1
3266		149		0		1
3267		127		0		1
3268		198		0		1
3269		136		0		1
3270		109		0		1
3271		235		0		1
3272		158		0		1
3273		115		0		1
3274		399		0		1
3275		284		0		1
3276		207		0		1
3277		233		0		1
3278		156		0		1
3279		110		0		1
3280		340		0		1
3281		240		0		1
3282		171		0		1
3283		266		0		1
3284		258		0		1
3285		200		0		1
3286		183		0		1
3287		141		0		1
3288		131		0		1
3289		225		0		1
3290		161		0		1
3291		116		0		1
3292		215		0		1
3293		157		0		1
3294		111		0		1
3295		128		0		1
3296		111		0		1
3297		135		0		1
3298		113		0		1
3299		220		0		1
3300		178		0		1
3301		177		0		1
3302		113		0		1
3303		164		0		1
3304		103		0		1
3305		194		0		1
3306		122		0		1
3307		212		0		1
3308		138		0		1
3309		331		0		1
3310		219		0		1
3311		312		0		1
3312		220		0		1
3313		384		0		1
3314		116		0		1
